9.150000e+02 1.701796e+04 1.667033e+04 1.745682e+04 8.498589e-06
9.160000e+02 1.701980e+04 1.666795e+04 1.748733e+04 8.869765e-06
9.170000e+02 1.691908e+04 1.666552e+04 1.751776e+04 9.266939e-06
9.180000e+02 1.692705e+04 1.665259e+04 1.754813e+04 9.692654e-06
9.190000e+02 1.701849e+04 1.664486e+04 1.757843e+04 1.014977e-05
9.200000e+02 1.706263e+04 1.662674e+04 1.760865e+04 1.064160e-05
9.210000e+02 1.708524e+04 1.661381e+04 1.763881e+04 1.117166e-05
9.220000e+02 1.689428e+04 1.659059e+04 1.766889e+04 1.174421e-05
9.230000e+02 1.676401e+04 1.656745e+04 1.769891e+04 1.236400e-05
9.240000e+02 1.678612e+04 1.653421e+04 1.772886e+04 1.303650e-05
9.250000e+02 1.672711e+04 1.650114e+04 1.775873e+04 1.376799e-05
9.260000e+02 1.672029e+04 1.646323e+04 1.778854e+04 1.456574e-05
9.270000e+02 1.673817e+04 1.641556e+04 1.781828e+04 1.543819e-05
9.280000e+02 1.682783e+04 1.636332e+04 1.784795e+04 1.639516e-05
9.290000e+02 1.672484e+04 1.630169e+04 1.787754e+04 1.744820e-05
9.300000e+02 1.660167e+04 1.623581e+04 1.790707e+04 1.861090e-05
9.310000e+02 1.659842e+04 1.615620e+04 1.793653e+04 1.989937e-05
9.320000e+02 1.639252e+04 1.606807e+04 1.796591e+04 2.133286e-05
9.330000e+02 1.616956e+04 1.596708e+04 1.799523e+04 2.293444e-05
9.340000e+02 1.608839e+04 1.585380e+04 1.802448e+04 2.473209e-05
9.350000e+02 1.603335e+04 1.572432e+04 1.805366e+04 2.675984e-05
9.360000e+02 1.608290e+04 1.557513e+04 1.808277e+04 2.905961e-05
9.370000e+02 1.586931e+04 1.540749e+04 1.811180e+04 3.168338e-05
9.380000e+02 1.571825e+04 1.521857e+04 1.814077e+04 3.469630e-05
9.390000e+02 1.548870e+04 1.499790e+04 1.816967e+04 3.818096e-05
9.400000e+02 1.528948e+04 1.474857e+04 1.819850e+04 4.224326e-05
9.410000e+02 1.501297e+04 1.446252e+04 1.822726e+04 4.702093e-05
9.420000e+02 1.471953e+04 1.413379e+04 1.825595e+04 5.269559e-05
9.430000e+02 1.430927e+04 1.375541e+04 1.828457e+04 5.951092e-05
9.440000e+02 1.395228e+04 1.331743e+04 1.831312e+04 6.779988e-05
9.450000e+02 1.350436e+04 1.280953e+04 1.834160e+04 7.802719e-05
9.460000e+02 1.282951e+04 1.222382e+04 1.837001e+04 9.085709e-05
9.470000e+02 1.209724e+04 1.154324e+04 1.839835e+04 1.072655e-04
9.480000e+02 1.101839e+04 1.075921e+04 1.842662e+04 1.287330e-04
9.490000e+02 9.856998e+03 9.856659e+03 1.845481e+04 1.575874e-04
9.500000e+02 8.148139e+03 8.827893e+03 1.848295e+04 1.976501e-04
9.510000e+02 6.176068e+03 7.669062e+03 1.851101e+04 2.554939e-04
9.520000e+02 4.733430e+03 6.397780e+03 1.853900e+04 3.429514e-04
9.530000e+02 4.014279e+03 5.064919e+03 1.856692e+04 4.817967e-04
9.540000e+02 3.513379e+03 3.774999e+03 1.859477e+04 7.096012e-04
9.550000e+02 2.685430e+03 2.683510e+03 1.862255e+04 1.073800e-03
9.560000e+02 1.935639e+03 1.917340e+03 1.865026e+04 1.578190e-03
9.570000e+02 1.501029e+03 1.494055e+03 1.867790e+04 2.080397e-03
9.580000e+02 1.481209e+03 1.363317e+03 1.870547e+04 2.301171e-03
9.590000e+02 1.847020e+03 1.496525e+03 1.873297e+04 2.083298e-03
9.600000e+02 2.429260e+03 1.922209e+03 1.876040e+04 1.584091e-03
9.610000e+02 3.305260e+03 2.687894e+03 1.878777e+04 1.082906e-03
9.620000e+02 4.215049e+03 3.766242e+03 1.881506e+04 7.222489e-04
9.630000e+02 5.282699e+03 5.014131e+03 1.884228e+04 4.984945e-04
9.640000e+02 6.233260e+03 6.255414e+03 1.886943e+04 3.644507e-04
9.650000e+02 7.256168e+03 7.365655e+03 1.889651e+04 2.829134e-04
9.660000e+02 7.935699e+03 8.271878e+03 1.892353e+04 2.327054e-04
9.670000e+02 8.575289e+03 8.924622e+03 1.895047e+04 2.030486e-04
9.680000e+02 8.834658e+03 9.265515e+03 1.897734e+04 1.894349e-04
9.690000e+02 8.831340e+03 9.198588e+03 1.900414e+04 1.926504e-04
9.700000e+02 8.300889e+03 8.541771e+03 1.903088e+04 2.219362e-04
9.710000e+02 6.939619e+03 7.116349e+03 1.905754e+04 3.032512e-04
9.720000e+02 4.851180e+03 5.272446e+03 1.908413e+04 4.734089e-04
9.730000e+02 3.428949e+03 3.904051e+03 1.911066e+04 7.040784e-04
9.740000e+02 3.355209e+03 3.426951e+03 1.913711e+04 8.287456e-04
9.750000e+02 4.270389e+03 3.814826e+03 1.916349e+04 7.272793e-04
9.760000e+02 5.601748e+03 4.912111e+03 1.918981e+04 5.253729e-04
9.770000e+02 6.581299e+03 6.001427e+03 1.921605e+04 3.979259e-04
9.780000e+02 7.135779e+03 6.099476e+03 1.924222e+04 3.894348e-04
9.790000e+02 6.738180e+03 5.149661e+03 1.926833e+04 4.955356e-04
9.800000e+02 5.717859e+03 3.782743e+03 1.929436e+04 7.412263e-04
9.810000e+02 4.054709e+03 2.642714e+03 1.932033e+04 1.140937e-03
9.820000e+02 2.699479e+03 1.992538e+03 1.934622e+04 1.574958e-03
9.830000e+02 2.229260e+03 1.796056e+03 1.937204e+04 1.769793e-03
9.840000e+02 2.565049e+03 2.010901e+03 1.939780e+04 1.563596e-03
9.850000e+02 3.393850e+03 2.706537e+03 1.942349e+04 1.116679e-03
9.860000e+02 4.639988e+03 3.990403e+03 1.944910e+04 7.002375e-04
9.870000e+02 6.060539e+03 5.769490e+03 1.947465e+04 4.292914e-04
9.880000e+02 7.567959e+03 7.684939e+03 1.950012e+04 2.778843e-04
9.890000e+02 9.110539e+03 9.423865e+03 1.952553e+04 1.937517e-04
9.900000e+02 1.023991e+04 1.088513e+04 1.955086e+04 1.438126e-04
9.910000e+02 1.146519e+04 1.209196e+04 1.957613e+04 1.118478e-04
9.920000e+02 1.231450e+04 1.308050e+04 1.960132e+04 9.007123e-05
9.930000e+02 1.314884e+04 1.389576e+04 1.962645e+04 7.449833e-05
9.940000e+02 1.388007e+04 1.457395e+04 1.965151e+04 6.292976e-05
9.950000e+02 1.458570e+04 1.514460e+04 1.967649e+04 5.406944e-05
9.960000e+02 1.511482e+04 1.562810e+04 1.970141e+04 4.711177e-05
9.970000e+02 1.570174e+04 1.603816e+04 1.972625e+04 4.153301e-05
9.980000e+02 1.599086e+04 1.639698e+04 1.975103e+04 3.698057e-05
9.990000e+02 1.628911e+04 1.670576e+04 1.977574e+04 3.320925e-05
1.000000e+03 1.664823e+04 1.697735e+04 1.980038e+04 3.004409e-05
1.001000e+03 1.686247e+04 1.721759e+04 1.982494e+04 2.735735e-05
1.002000e+03 1.709577e+04 1.743369e+04 1.984944e+04 2.505385e-05
1.003000e+03 1.720674e+04 1.762367e+04 1.987387e+04 2.306145e-05
1.004000e+03 1.736547e+04 1.779626e+04 1.989822e+04 2.132454e-05
1.005000e+03 1.753217e+04 1.795573e+04 1.992251e+04 1.979969e-05
1.006000e+03 1.780703e+04 1.809594e+04 1.994673e+04 1.845254e-05
1.007000e+03 1.809284e+04 1.823245e+04 1.997088e+04 1.725559e-05
1.008000e+03 1.812380e+04 1.834838e+04 1.999496e+04 1.618659e-05
1.009000e+03 1.817353e+04 1.846545e+04 2.001896e+04 1.522739e-05
1.010000e+03 1.819705e+04 1.856664e+04 2.004290e+04 1.436301e-05
1.011000e+03 1.839028e+04 1.866290e+04 2.006677e+04 1.358106e-05
1.012000e+03 1.848926e+04 1.875409e+04 2.009057e+04 1.287112e-05
1.013000e+03 1.856358e+04 1.884006e+04 2.011430e+04 1.222447e-05
1.014000e+03 1.869543e+04 1.892069e+04 2.013796e+04 1.163367e-05
1.015000e+03 1.873935e+04 1.899585e+04 2.016155e+04 1.109243e-05
1.016000e+03 1.881450e+04 1.906542e+04 2.018506e+04 1.059531e-05
1.017000e+03 1.881937e+04 1.913527e+04 2.020851e+04 1.013766e-05
1.018000e+03 1.898348e+04 1.919940e+04 2.023189e+04 9.715431e-06
1.019000e+03 1.907948e+04 1.926373e+04 2.025520e+04 9.325108e-06
1.020000e+03 1.921756e+04 1.932221e+04 2.027844e+04 8.963637e-06
1.021000e+03 1.924084e+04 1.937474e+04 2.030161e+04 8.628325e-06
1.022000e+03 1.921633e+04 1.942738e+04 2.032471e+04 8.316809e-06
1.023000e+03 1.927277e+04 1.948010e+04 2.034774e+04 8.027012e-06
1.024000e+03 1.935084e+04 1.953293e+04 2.037070e+04 7.757083e-06
1.025000e+03 1.936156e+04 1.957966e+04 2.039359e+04 7.505359e-06
1.026000e+03 1.929916e+04 1.962644e+04 2.041641e+04 7.270441e-06
1.027000e+03 1.938300e+04 1.967326e+04 2.043916e+04 7.051000e-06
1.028000e+03 1.940522e+04 1.971388e+04 2.046185e+04 6.845873e-06
1.029000e+03 1.956889e+04 1.975450e+04 2.048446e+04 6.654017e-06
1.030000e+03 1.967844e+04 1.979513e+04 2.050700e+04 6.474500e-06
1.031000e+03 1.968129e+04 1.983577e+04 2.052947e+04 6.306483e-06
1.032000e+03 1.951321e+04 1.987643e+04 2.055187e+04 6.149210e-06
1.033000e+03 1.959388e+04 1.991073e+04 2.057420e+04 6.002003e-06
1.034000e+03 1.970029e+04 1.995138e+04 2.059646e+04 5.864249e-06
1.035000e+03 1.977223e+04 1.998565e+04 2.061865e+04 5.735396e-06
1.036000e+03 1.989388e+04 2.001990e+04 2.064078e+04 5.614950e-06
1.037000e+03 1.996705e+04 2.005413e+04 2.066283e+04 5.502464e-06
1.038000e+03 1.997883e+04 2.008189e+04 2.068481e+04 5.397535e-06
1.039000e+03 2.003722e+04 2.011605e+04 2.070672e+04 5.299812e-06
1.040000e+03 2.010638e+04 2.015019e+04 2.072857e+04 5.208970e-06
1.041000e+03 2.014218e+04 2.017782e+04 2.075034e+04 5.124730e-06
1.042000e+03 2.008255e+04 2.020541e+04 2.077204e+04 5.046844e-06
1.043000e+03 2.013334e+04 2.023944e+04 2.079367e+04 4.975101e-06
1.044000e+03 2.013209e+04 2.026694e+04 2.081524e+04 4.909316e-06
1.045000e+03 2.010818e+04 2.029439e+04 2.083673e+04 4.849343e-06
1.046000e+03 2.016657e+04 2.032178e+04 2.085815e+04 4.795066e-06
1.047000e+03 2.018751e+04 2.034258e+04 2.087951e+04 4.746400e-06
1.048000e+03 2.033705e+04 2.036987e+04 2.090079e+04 4.703299e-06
1.049000e+03 2.034829e+04 2.039710e+04 2.092200e+04 4.665753e-06
1.050000e+03 2.066943e+04 2.041772e+04 2.094315e+04 4.633797e-06
1.051000e+03 2.055271e+04 2.044484e+04 2.096422e+04 4.607513e-06
1.052000e+03 2.033036e+04 2.046532e+04 2.098522e+04 4.587043e-06
1.053000e+03 2.032602e+04 2.048574e+04 2.100616e+04 4.572602e-06
1.054000e+03 2.034716e+04 2.050608e+04 2.102702e+04 4.564493e-06
1.055000e+03 2.040522e+04 2.052636e+04 2.104782e+04 4.563140e-06
1.056000e+03 2.046342e+04 2.054657e+04 2.106854e+04 4.569125e-06
1.057000e+03 2.039431e+04 2.056672e+04 2.108920e+04 4.583261e-06
1.058000e+03 2.057839e+04 2.058679e+04 2.110978e+04 4.606650e-06
1.059000e+03 2.066198e+04 2.060017e+04 2.113030e+04 4.640899e-06
1.060000e+03 2.060493e+04 2.061347e+04 2.115074e+04 4.688344e-06
1.061000e+03 2.073473e+04 2.062670e+04 2.117112e+04 4.752535e-06
1.062000e+03 2.065493e+04 2.063985e+04 2.119142e+04 4.839129e-06
1.063000e+03 2.055959e+04 2.064629e+04 2.121166e+04 4.957768e-06
1.064000e+03 2.078198e+04 2.064603e+04 2.123182e+04 5.126610e-06
1.065000e+03 2.079025e+04 2.063908e+04 2.125192e+04 5.386516e-06
1.066000e+03 2.062518e+04 2.060571e+04 2.127195e+04 5.857926e-06
1.067000e+03 2.042540e+04 2.050056e+04 2.129190e+04 6.967562e-06
1.068000e+03 1.993658e+04 2.018626e+04 2.131179e+04 1.007083e-05
1.069000e+03 1.913631e+04 1.939877e+04 2.133161e+04 1.802245e-05
1.070000e+03 1.793610e+04 1.804683e+04 2.135135e+04 3.308937e-05
1.071000e+03 1.688191e+04 1.667325e+04 2.137103e+04 5.088748e-05
1.072000e+03 1.658283e+04 1.610408e+04 2.139063e+04 5.932826e-05
1.073000e+03 1.704131e+04 1.668661e+04 2.141017e+04 5.114262e-05
1.074000e+03 1.777834e+04 1.806766e+04 2.142964e+04 3.361396e-05
1.075000e+03 1.848559e+04 1.942397e+04 2.144904e+04 1.885564e-05
1.076000e+03 1.907020e+04 2.020199e+04 2.146836e+04 1.131898e-05
1.077000e+03 1.954622e+04 2.047437e+04 2.148762e+04 8.950453e-06
1.078000e+03 1.966428e+04 2.043484e+04 2.150681e+04 9.466658e-06
1.079000e+03 1.963636e+04 2.013737e+04 2.152593e+04 1.248717e-05
1.080000e+03 1.936045e+04 1.958693e+04 2.154497e+04 1.805724e-05
1.081000e+03 1.904822e+04 1.901115e+04 2.156395e+04 2.426403e-05
1.082000e+03 1.899209e+04 1.876044e+04 2.158286e+04 2.718741e-05
1.083000e+03 1.927524e+04 1.901125e+04 2.160170e+04 2.463055e-05
1.084000e+03 1.959417e+04 1.958507e+04 2.162047e+04 1.877016e-05
1.085000e+03 2.008198e+04 2.013764e+04 2.163917e+04 1.348778e-05
1.086000e+03 2.048801e+04 2.045646e+04 2.165779e+04 1.058075e-05
1.087000e+03 2.076991e+04 2.058303e+04 2.167635e+04 9.584153e-06
1.088000e+03 2.064617e+04 2.060704e+04 2.169484e+04 9.532096e-06
1.089000e+03 2.066506e+04 2.058583e+04 2.171326e+04 9.864631e-06
1.090000e+03 2.069093e+04 2.055180e+04 2.173161e+04 1.038249e-05
1.091000e+03 2.066826e+04 2.049873e+04 2.174989e+04 1.103629e-05
1.092000e+03 2.075055e+04 2.043329e+04 2.176810e+04 1.182407e-05
1.093000e+03 2.055442e+04 2.034949e+04 2.178624e+04 1.276161e-05
1.094000e+03 2.032177e+04 2.024781e+04 2.180431e+04 1.387616e-05
1.095000e+03 2.023719e+04 2.012885e+04 2.182231e+04 1.520678e-05
1.096000e+03 2.012606e+04 1.998122e+04 2.184024e+04 1.680738e-05
1.097000e+03 1.990159e+04 1.980033e+04 2.185810e+04 1.875213e-05
1.098000e+03 1.984644e+04 1.958235e+04 2.187589e+04 2.114396e-05
1.099000e+03 1.961162e+04 1.931302e+04 2.189361e+04 2.412830e-05
1.100000e+03 1.949020e+04 1.898058e+04 2.191126e+04 2.791423e-05
1.101000e+03 1.935958e+04 1.856083e+04 2.192884e+04 3.280821e-05
1.102000e+03 1.885722e+04 1.802694e+04 2.194635e+04 3.926624e-05
1.103000e+03 1.824902e+04 1.735460e+04 2.196379e+04 4.796948e-05
1.104000e+03 1.752239e+04 1.650766e+04 2.198116e+04 5.991266e-05
1.105000e+03 1.642577e+04 1.545962e+04 2.199847e+04 7.643845e-05
1.106000e+03 1.543532e+04 1.422199e+04 2.201570e+04 9.902733e-05
1.107000e+03 1.431017e+04 1.287480e+04 2.203286e+04 1.285170e-04
1.108000e+03 1.288729e+04 1.157288e+04 2.204995e+04 1.635809e-04
1.109000e+03 1.152844e+04 1.049835e+04 2.206697e+04 1.991484e-04
1.110000e+03 1.030874e+04 9.798914e+03 2.208393e+04 2.266022e-04
1.111000e+03 9.586359e+03 9.557360e+03 2.210081e+04 2.372086e-04
1.112000e+03 9.670340e+03 9.798085e+03 2.211762e+04 2.272220e-04
1.113000e+03 9.953209e+03 1.049581e+04 2.213436e+04 2.003953e-04
1.114000e+03 1.068130e+04 1.156386e+04 2.215104e+04 1.654694e-04
1.115000e+03 1.181268e+04 1.284706e+04 2.216764e+04 1.310693e-04
1.116000e+03 1.281786e+04 1.416478e+04 2.218417e+04 1.022742e-04
1.117000e+03 1.388942e+04 1.536304e+04 2.220063e+04 8.042005e-05
1.118000e+03 1.473465e+04 1.636050e+04 2.221703e+04 6.467964e-05
1.119000e+03 1.570919e+04 1.714740e+04 2.223335e+04 5.358479e-05
1.120000e+03 1.624369e+04 1.774698e+04 2.224960e+04 4.580725e-05
1.121000e+03 1.695623e+04 1.820054e+04 2.226579e+04 4.036948e-05
1.122000e+03 1.749729e+04 1.852852e+04 2.228190e+04 3.661119e-05
1.123000e+03 1.794735e+04 1.875800e+04 2.229794e+04 3.410205e-05
1.124000e+03 1.848850e+04 1.890788e+04 2.231392e+04 3.256758e-05
1.125000e+03 1.873057e+04 1.898504e+04 2.232982e+04 3.183923e-05
1.126000e+03 1.896263e+04 1.899851e+04 2.234566e+04 3.182348e-05
1.127000e+03 1.891556e+04 1.895343e+04 2.236142e+04 3.248510e-05
1.128000e+03 1.895347e+04 1.884552e+04 2.237711e+04 3.383960e-05
1.129000e+03 1.894236e+04 1.867705e+04 2.239274e+04 3.595399e-05
1.130000e+03 1.880887e+04 1.843135e+04 2.240829e+04 3.895529e-05
1.131000e+03 1.861721e+04 1.810991e+04 2.242378e+04 4.304977e-05
1.132000e+03 1.825439e+04 1.768414e+04 2.243919e+04 4.855681e-05
1.133000e+03 1.787506e+04 1.714350e+04 2.245454e+04 5.596903e-05
1.134000e+03 1.722822e+04 1.645470e+04 2.246981e+04 6.605592e-05
1.135000e+03 1.670535e+04 1.558118e+04 2.248502e+04 8.004475e-05
1.136000e+03 1.597945e+04 1.448863e+04 2.250015e+04 9.992347e-05
1.137000e+03 1.492060e+04 1.314147e+04 2.251522e+04 1.288826e-04
1.138000e+03 1.356161e+04 1.155288e+04 2.253022e+04 1.717200e-04
1.139000e+03 1.179463e+04 9.812511e+03 2.254514e+04 2.344984e-04
1.140000e+03 9.600059e+03 8.110468e+03 2.256000e+04 3.220018e-04
1.141000e+03 7.580498e+03 6.659936e+03 2.257479e+04 4.318958e-04
1.142000e+03 5.836418e+03 5.603468e+03 2.258950e+04 5.479201e-04
1.143000e+03 4.809109e+03 4.980603e+03 2.260415e+04 6.395642e-04
1.144000e+03 4.516859e+03 4.779515e+03 2.261872e+04 6.746737e-04
1.145000e+03 4.823479e+03 4.989187e+03 2.263323e+04 6.392380e-04
1.146000e+03 5.558738e+03 5.622959e+03 2.264767e+04 5.472643e-04
1.147000e+03 6.487350e+03 6.696104e+03 2.266204e+04 4.309033e-04
1.148000e+03 7.786299e+03 8.173619e+03 2.267633e+04 3.206613e-04
1.149000e+03 9.138100e+03 9.917099e+03 2.269056e+04 2.327948e-04
1.150000e+03 1.069114e+04 1.171171e+04 2.270472e+04 1.696335e-04
1.151000e+03 1.205710e+04 1.336841e+04 2.271880e+04 1.263882e-04
1.152000e+03 1.352094e+04 1.479244e+04 2.273282e+04 9.699014e-05
1.153000e+03 1.459212e+04 1.597069e+04 2.274677e+04 7.663447e-05
1.154000e+03 1.551319e+04 1.693777e+04 2.276065e+04 6.212226e-05
1.155000e+03 1.639794e+04 1.772711e+04 2.277446e+04 5.145551e-05
1.156000e+03 1.722445e+04 1.837484e+04 2.278820e+04 4.339459e-05
1.157000e+03 1.795873e+04 1.891419e+04 2.280186e+04 3.715466e-05
1.158000e+03 1.840881e+04 1.935993e+04 2.281546e+04 3.222387e-05
1.159000e+03 1.881796e+04 1.974170e+04 2.282899e+04 2.825833e-05
1.160000e+03 1.930547e+04 2.006244e+04 2.284245e+04 2.502010e-05
1.161000e+03 1.986327e+04 2.033941e+04 2.285584e+04 2.234065e-05
1.162000e+03 2.038263e+04 2.058088e+04 2.286916e+04 2.009768e-05
1.163000e+03 2.053438e+04 2.079034e+04 2.288241e+04 1.820074e-05
1.164000e+03 2.079629e+04 2.097205e+04 2.289559e+04 1.658179e-05
1.165000e+03 2.097588e+04 2.113094e+04 2.290870e+04 1.518884e-05
1.166000e+03 2.134716e+04 2.127244e+04 2.292173e+04 1.398158e-05
1.167000e+03 2.141877e+04 2.140243e+04 2.293471e+04 1.292840e-05
1.168000e+03 2.147271e+04 2.152048e+04 2.294761e+04 1.200417e-05
1.169000e+03 2.154124e+04 2.161947e+04 2.296044e+04 1.118875e-05
1.170000e+03 2.161574e+04 2.171243e+04 2.297320e+04 1.046585e-05
1.171000e+03 2.178406e+04 2.179919e+04 2.298588e+04 9.822141e-06
1.172000e+03 2.208122e+04 2.187962e+04 2.299851e+04 9.246672e-06
1.173000e+03 2.194783e+04 2.195358e+04 2.301106e+04 8.730352e-06
1.174000e+03 2.207652e+04 2.201399e+04 2.302354e+04 8.265601e-06
1.175000e+03 2.224404e+04 2.207460e+04 2.303595e+04 7.846059e-06
1.176000e+03 2.215999e+04 2.213541e+04 2.304829e+04 7.466351e-06
1.177000e+03 2.213823e+04 2.218938e+04 2.306056e+04 7.121925e-06
1.178000e+03 2.236767e+04 2.223642e+04 2.307276e+04 6.808894e-06
1.179000e+03 2.240265e+04 2.228354e+04 2.308489e+04 6.523945e-06
1.180000e+03 2.249493e+04 2.232362e+04 2.309696e+04 6.264229e-06
1.181000e+03 2.250782e+04 2.236373e+04 2.310895e+04 6.027297e-06
1.182000e+03 2.248006e+04 2.240389e+04 2.312087e+04 5.811041e-06
1.183000e+03 2.247793e+04 2.243689e+04 2.313272e+04 5.613642e-06
1.184000e+03 2.248815e+04 2.246989e+04 2.314450e+04 5.433531e-06
1.185000e+03 2.236674e+04 2.250288e+04 2.315621e+04 5.269364e-06
1.186000e+03 2.257134e+04 2.252864e+04 2.316786e+04 5.119981e-06
1.187000e+03 2.264423e+04 2.255437e+04 2.317943e+04 4.984404e-06
1.188000e+03 2.294509e+04 2.258005e+04 2.319093e+04 4.861806e-06
1.189000e+03 2.278988e+04 2.260571e+04 2.320237e+04 4.751504e-06
1.190000e+03 2.288471e+04 2.263133e+04 2.321373e+04 4.652949e-06
1.191000e+03 2.289790e+04 2.264963e+04 2.322502e+04 4.565725e-06
1.192000e+03 2.290697e+04 2.267516e+04 2.323624e+04 4.489537e-06
1.193000e+03 2.295079e+04 2.269335e+04 2.324740e+04 4.424224e-06
1.194000e+03 2.284831e+04 2.271149e+04 2.325848e+04 4.369756e-06
1.195000e+03 2.289358e+04 2.272224e+04 2.326949e+04 4.326249e-06
1.196000e+03 2.304324e+04 2.274026e+04 2.328044e+04 4.293978e-06
1.197000e+03 2.293414e+04 2.275088e+04 2.329131e+04 4.273400e-06
1.198000e+03 2.289974e+04 2.276143e+04 2.330212e+04 4.265185e-06
1.199000e+03 2.290045e+04 2.277192e+04 2.331285e+04 4.270258e-06
1.200000e+03 2.287649e+04 2.278233e+04 2.332352e+04 4.289858e-06
1.201000e+03 2.284524e+04 2.278534e+04 2.333411e+04 4.325617e-06
1.202000e+03 2.313007e+04 2.279561e+04 2.334463e+04 4.379669e-06
1.203000e+03 2.307909e+04 2.279114e+04 2.335509e+04 4.454802e-06
1.204000e+03 2.313929e+04 2.279393e+04 2.336547e+04 4.554655e-06
1.205000e+03 2.309033e+04 2.278200e+04 2.337579e+04 4.684064e-06
1.206000e+03 2.299692e+04 2.277734e+04 2.338603e+04 4.849464e-06
1.207000e+03 2.283481e+04 2.275799e+04 2.339621e+04 5.059521e-06
1.208000e+03 2.274076e+04 2.273863e+04 2.340631e+04 5.326150e-06
1.209000e+03 2.273673e+04 2.270472e+04 2.341635e+04 5.665964e-06
1.210000e+03 2.273295e+04 2.266363e+04 2.342632e+04 6.102696e-06
1.211000e+03 2.287428e+04 2.260107e+04 2.343621e+04 6.671056e-06
1.212000e+03 2.279055e+04 2.251741e+04 2.344604e+04 7.423080e-06
1.213000e+03 2.275500e+04 2.240609e+04 2.345579e+04 8.438913e-06
1.214000e+03 2.246551e+04 2.225403e+04 2.346548e+04 9.844583e-06
1.215000e+03 2.216071e+04 2.202880e+04 2.347510e+04 1.183905e-05
1.216000e+03 2.191018e+04 2.171505e+04 2.348464e+04 1.472424e-05
1.217000e+03 2.126244e+04 2.126962e+04 2.349412e+04 1.890176e-05
1.218000e+03 2.067199e+04 2.067301e+04 2.350353e+04 2.473958e-05
1.219000e+03 1.993014e+04 1.995729e+04 2.351286e+04 3.218975e-05
1.220000e+03 1.921558e+04 1.923788e+04 2.352213e+04 4.024022e-05
1.221000e+03 1.878204e+04 1.869553e+04 2.353133e+04 4.674712e-05
1.222000e+03 1.863778e+04 1.849433e+04 2.354046e+04 4.930298e-05
1.223000e+03 1.885118e+04 1.870017e+04 2.354951e+04 4.682708e-05
1.224000e+03 1.924790e+04 1.925204e+04 2.355850e+04 4.040095e-05
1.225000e+03 1.982033e+04 1.998122e+04 2.356742e+04 3.243285e-05
1.226000e+03 2.029931e+04 2.070094e+04 2.357627e+04 2.506753e-05
1.227000e+03 2.089321e+04 2.130738e+04 2.358504e+04 1.931791e-05
1.228000e+03 2.135422e+04 2.175621e+04 2.359375e+04 1.523290e-05
1.229000e+03 2.173991e+04 2.207989e+04 2.360239e+04 1.244556e-05
1.230000e+03 2.210300e+04 2.230823e+04 2.361096e+04 1.055542e-05
1.231000e+03 2.228863e+04 2.247036e+04 2.361946e+04 9.261843e-06
1.232000e+03 2.245302e+04 2.258471e+04 2.362788e+04 8.367282e-06
1.233000e+03 2.270860e+04 2.266417e+04 2.363624e+04 7.747343e-06
1.234000e+03 2.272671e+04 2.272244e+04 2.364453e+04 7.323755e-06
1.235000e+03 2.277326e+04 2.276643e+04 2.365275e+04 7.046648e-06
1.236000e+03 2.289180e+04 2.279599e+04 2.366090e+04 6.883850e-06
1.237000e+03 2.299921e+04 2.281103e+04 2.366898e+04 6.814622e-06
1.238000e+03 2.277801e+04 2.281149e+04 2.367699e+04 6.825883e-06
1.239000e+03 2.298025e+04 2.281189e+04 2.368493e+04 6.909970e-06
1.240000e+03 2.310826e+04 2.279774e+04 2.369280e+04 7.063325e-06
1.241000e+03 2.302452e+04 2.278354e+04 2.370060e+04 7.285756e-06
1.242000e+03 2.291390e+04 2.275489e+04 2.370833e+04 7.580084e-06
1.243000e+03 2.284217e+04 2.271908e+04 2.371599e+04 7.952130e-06
1.244000e+03 2.295849e+04 2.266903e+04 2.372358e+04 8.410947e-06
1.245000e+03 2.289974e+04 2.261206e+04 2.373110e+04 8.969381e-06
1.246000e+03 2.294647e+04 2.253415e+04 2.373855e+04 9.644955e-06
1.247000e+03 2.285767e+04 2.244276e+04 2.374593e+04 1.046128e-05
1.248000e+03 2.271641e+04 2.233822e+04 2.375324e+04 1.145007e-05
1.249000e+03 2.261854e+04 2.220722e+04 2.376048e+04 1.265432e-05
1.250000e+03 2.233791e+04 2.204399e+04 2.376765e+04 1.413296e-05
1.251000e+03 2.214023e+04 2.184337e+04 2.377476e+04 1.596827e-05
1.252000e+03 2.177980e+04 2.159455e+04 2.378179e+04 1.827752e-05
1.253000e+03 2.169870e+04 2.128837e+04 2.378875e+04 2.123279e-05
1.254000e+03 2.151618e+04 2.089356e+04 2.379564e+04 2.509424e-05
1.255000e+03 2.085393e+04 2.038578e+04 2.380246e+04 3.027072e-05
1.256000e+03 2.035644e+04 1.972280e+04 2.380921e+04 3.743381e-05
1.257000e+03 1.959495e+04 1.883768e+04 2.381590e+04 4.773661e-05
1.258000e+03 1.862079e+04 1.764566e+04 2.382251e+04 6.322192e-05
1.259000e+03 1.720377e+04 1.605733e+04 2.382905e+04 8.745690e-05
1.260000e+03 1.546583e+04 1.404188e+04 2.383552e+04 1.260306e-04
1.261000e+03 1.295761e+04 1.176761e+04 2.384193e+04 1.854615e-04
1.262000e+03 1.023044e+04 9.602029e+03 2.384826e+04 2.681343e-04
1.263000e+03 7.725029e+03 7.921018e+03 2.385452e+04 3.635354e-04
1.264000e+03 6.361479e+03 6.903572e+03 2.386071e+04 4.439302e-04
1.265000e+03 6.216180e+03 6.569232e+03 2.386684e+04 4.758624e-04
1.266000e+03 6.777689e+03 6.907096e+03 2.387289e+04 4.438975e-04
1.267000e+03 8.105770e+03 7.929974e+03 2.387888e+04 3.634696e-04
1.268000e+03 9.672840e+03 9.619292e+03 2.388479e+04 2.680354e-04
1.269000e+03 1.158511e+04 1.179549e+04 2.389063e+04 1.853289e-04
1.270000e+03 1.335118e+04 1.408322e+04 2.389641e+04 1.258637e-04
1.271000e+03 1.499873e+04 1.611731e+04 2.390211e+04 8.725479e-05
1.272000e+03 1.648993e+04 1.772612e+04 2.390774e+04 6.298366e-05
1.273000e+03 1.768039e+04 1.893944e+04 2.391331e+04 4.746102e-05
1.274000e+03 1.853479e+04 1.984069e+04 2.391880e+04 3.711944e-05
1.275000e+03 1.918638e+04 2.052486e+04 2.392423e+04 2.991589e-05
1.276000e+03 1.980524e+04 2.105387e+04 2.392958e+04 2.469697e-05
1.277000e+03 2.046422e+04 2.146349e+04 2.393487e+04 2.079077e-05
1.278000e+03 2.110233e+04 2.179705e+04 2.394008e+04 1.778809e-05
1.279000e+03 2.157636e+04 2.206018e+04 2.394523e+04 1.542832e-05
1.280000e+03 2.194159e+04 2.228157e+04 2.395030e+04 1.353887e-05
1.281000e+03 2.207641e+04 2.246551e+04 2.395531e+04 1.200190e-05
1.282000e+03 2.238516e+04 2.261710e+04 2.396024e+04 1.073441e-05
1.283000e+03 2.264762e+04 2.274922e+04 2.396511e+04 9.676630e-06
1.284000e+03 2.280538e+04 2.286117e+04 2.396991e+04 8.784562e-06
1.285000e+03 2.306737e+04 2.295234e+04 2.397463e+04 8.025245e-06
1.286000e+03 2.327650e+04 2.303684e+04 2.397929e+04 7.373571e-06
1.287000e+03 2.331292e+04 2.311451e+04 2.398387e+04 6.810134e-06
1.288000e+03 2.309009e+04 2.317782e+04 2.398839e+04 6.319745e-06
1.289000e+03 2.316915e+04 2.323396e+04 2.399284e+04 5.890369e-06
1.290000e+03 2.323850e+04 2.329028e+04 2.399721e+04 5.512374e-06
1.291000e+03 2.327556e+04 2.333182e+04 2.400152e+04 5.177974e-06
1.292000e+03 2.335988e+04 2.337342e+04 2.400576e+04 4.880820e-06
1.293000e+03 2.350909e+04 2.341508e+04 2.400992e+04 4.615693e-06
1.294000e+03 2.359406e+04 2.344926e+04 2.401402e+04 4.378270e-06
1.295000e+03 2.348018e+04 2.347588e+04 2.401805e+04 4.164950e-06
1.296000e+03 2.347900e+04 2.350249e+04 2.402201e+04 3.972706e-06
1.297000e+03 2.366812e+04 2.352907e+04 2.402589e+04 3.798987e-06
1.298000e+03 2.367126e+04 2.355565e+04 2.402971e+04 3.641627e-06
1.299000e+03 2.369126e+04 2.357457e+04 2.403346e+04 3.498779e-06
1.300000e+03 2.379974e+04 2.359345e+04 2.403714e+04 3.368861e-06
1.301000e+03 2.385252e+04 2.361228e+04 2.404074e+04 3.250510e-06
1.302000e+03 2.364828e+04 2.363107e+04 2.404428e+04 3.142549e-06
1.303000e+03 2.368593e+04 2.364982e+04 2.404775e+04 3.043960e-06
1.304000e+03 2.375158e+04 2.366083e+04 2.405115e+04 2.953854e-06
1.305000e+03 2.371255e+04 2.367948e+04 2.405448e+04 2.871458e-06
1.306000e+03 2.391166e+04 2.369038e+04 2.405774e+04 2.796095e-06
1.307000e+03 2.403916e+04 2.370122e+04 2.406093e+04 2.727172e-06
1.308000e+03 2.425574e+04 2.371200e+04 2.406404e+04 2.664166e-06
1.309000e+03 2.414638e+04 2.372272e+04 2.406710e+04 2.606618e-06
1.310000e+03 2.393567e+04 2.373338e+04 2.407007e+04 2.554126e-06
1.311000e+03 2.389407e+04 2.374397e+04 2.407298e+04 2.506332e-06
1.312000e+03 2.401406e+04 2.375450e+04 2.407582e+04 2.462923e-06
1.313000e+03 2.384967e+04 2.375723e+04 2.407859e+04 2.423620e-06
1.314000e+03 2.367252e+04 2.376763e+04 2.408129e+04 2.388182e-06
1.315000e+03 2.355614e+04 2.377023e+04 2.408392e+04 2.356393e-06
1.316000e+03 2.380148e+04 2.378050e+04 2.408648e+04 2.328066e-06
1.317000e+03 2.387347e+04 2.378296e+04 2.408897e+04 2.303038e-06
1.318000e+03 2.403900e+04 2.379310e+04 2.409139e+04 2.281168e-06
1.319000e+03 2.403180e+04 2.379542e+04 2.409374e+04 2.262333e-06
1.320000e+03 2.408932e+04 2.379767e+04 2.409603e+04 2.246430e-06
1.321000e+03 2.395505e+04 2.380761e+04 2.409824e+04 2.233375e-06
1.322000e+03 2.397889e+04 2.380973e+04 2.410038e+04 2.223095e-06
1.323000e+03 2.408577e+04 2.381177e+04 2.410245e+04 2.215532e-06
1.324000e+03 2.383014e+04 2.381375e+04 2.410445e+04 2.210658e-06
1.325000e+03 2.384799e+04 2.381566e+04 2.410638e+04 2.208440e-06
1.326000e+03 2.390234e+04 2.381750e+04 2.410824e+04 2.208866e-06
1.327000e+03 2.401135e+04 2.381927e+04 2.411004e+04 2.211937e-06
1.328000e+03 2.397924e+04 2.382097e+04 2.411176e+04 2.217667e-06
1.329000e+03 2.401065e+04 2.382260e+04 2.411341e+04 2.226084e-06
1.330000e+03 2.393212e+04 2.381640e+04 2.411499e+04 2.237232e-06
1.331000e+03 2.386593e+04 2.381789e+04 2.411650e+04 2.251164e-06
1.332000e+03 2.377759e+04 2.381932e+04 2.411795e+04 2.267953e-06
1.333000e+03 2.401970e+04 2.382067e+04 2.411932e+04 2.287683e-06
1.334000e+03 2.401985e+04 2.381420e+04 2.412062e+04 2.310459e-06
1.335000e+03 2.389706e+04 2.381542e+04 2.412185e+04 2.336400e-06
1.336000e+03 2.365924e+04 2.380881e+04 2.412302e+04 2.365644e-06
1.337000e+03 2.353132e+04 2.380989e+04 2.412411e+04 2.398351e-06
1.338000e+03 2.351313e+04 2.380315e+04 2.412513e+04 2.434703e-06
1.339000e+03 2.359340e+04 2.379635e+04 2.412609e+04 2.474904e-06
1.340000e+03 2.386970e+04 2.379721e+04 2.412697e+04 2.519187e-06
1.341000e+03 2.386073e+04 2.379028e+04 2.412778e+04 2.567831e-06
1.342000e+03 2.390594e+04 2.378327e+04 2.412853e+04 2.621102e-06
1.343000e+03 2.403455e+04 2.377621e+04 2.412920e+04 2.679346e-06
1.344000e+03 2.397218e+04 2.376907e+04 2.412980e+04 2.742943e-06
1.345000e+03 2.418383e+04 2.376188e+04 2.413034e+04 2.812305e-06
1.346000e+03 2.407729e+04 2.375462e+04 2.413080e+04 2.887913e-06
1.347000e+03 2.401014e+04 2.373958e+04 2.413120e+04 2.970303e-06
1.348000e+03 2.382938e+04 2.373220e+04 2.413152e+04 3.060082e-06
1.349000e+03 2.377143e+04 2.371706e+04 2.413178e+04 3.157936e-06
1.350000e+03 2.376038e+04 2.370187e+04 2.413196e+04 3.264644e-06
1.351000e+03 2.375097e+04 2.368663e+04 2.413208e+04 3.381092e-06
1.352000e+03 2.384002e+04 2.367135e+04 2.413212e+04 3.508288e-06
1.353000e+03 2.391233e+04 2.365601e+04 2.413210e+04 3.647388e-06
1.354000e+03 2.401815e+04 2.363299e+04 2.413200e+04 3.799716e-06
1.355000e+03 2.388486e+04 2.360994e+04 2.413184e+04 3.966795e-06
1.356000e+03 2.391740e+04 2.358687e+04 2.413160e+04 4.150386e-06
1.357000e+03 2.380677e+04 2.356378e+04 2.413130e+04 4.352527e-06
1.358000e+03 2.378538e+04 2.353309e+04 2.413092e+04 4.575597e-06
1.359000e+03 2.362337e+04 2.350241e+04 2.413048e+04 4.822376e-06
1.360000e+03 2.337444e+04 2.347174e+04 2.412997e+04 5.096132e-06
1.361000e+03 2.335252e+04 2.342606e+04 2.412938e+04 5.400726e-06
1.362000e+03 2.350809e+04 2.338797e+04 2.412873e+04 5.740746e-06
1.363000e+03 2.341079e+04 2.333503e+04 2.412801e+04 6.121676e-06
1.364000e+03 2.325842e+04 2.328226e+04 2.412721e+04 6.550118e-06
1.365000e+03 2.325410e+04 2.322228e+04 2.412635e+04 7.034068e-06
1.366000e+03 2.328452e+04 2.315521e+04 2.412542e+04 7.583286e-06
1.367000e+03 2.314115e+04 2.307387e+04 2.412441e+04 8.209790e-06
1.368000e+03 2.308693e+04 2.298580e+04 2.412334e+04 8.928497e-06
1.369000e+03 2.290764e+04 2.288400e+04 2.412220e+04 9.758113e-06
1.370000e+03 2.287426e+04 2.276883e+04 2.412099e+04 1.072235e-05
1.371000e+03 2.276068e+04 2.263369e+04 2.411970e+04 1.185158e-05
1.372000e+03 2.260950e+04 2.247931e+04 2.411835e+04 1.318527e-05
1.373000e+03 2.255548e+04 2.229290e+04 2.411693e+04 1.477535e-05
1.374000e+03 2.225495e+04 2.207608e+04 2.411544e+04 1.669126e-05
1.375000e+03 2.195604e+04 2.181766e+04 2.411388e+04 1.902749e-05
1.376000e+03 2.168529e+04 2.150168e+04 2.411224e+04 2.191512e-05
1.377000e+03 2.121985e+04 2.112722e+04 2.411054e+04 2.553954e-05
1.378000e+03 2.085657e+04 2.065979e+04 2.410877e+04 3.016981e-05
1.379000e+03 2.045313e+04 2.008469e+04 2.410693e+04 3.620549e-05
1.380000e+03 1.972124e+04 1.936451e+04 2.410502e+04 4.425543e-05
1.381000e+03 1.877578e+04 1.845789e+04 2.410304e+04 5.526695e-05
1.382000e+03 1.776556e+04 1.732276e+04 2.410099e+04 7.072278e-05
1.383000e+03 1.630748e+04 1.591712e+04 2.409887e+04 9.287565e-05
1.384000e+03 1.462458e+04 1.425391e+04 2.409668e+04 1.247775e-04
1.385000e+03 1.277057e+04 1.243702e+04 2.409442e+04 1.693934e-04
1.386000e+03 1.091946e+04 1.068527e+04 2.409209e+04 2.267462e-04
1.387000e+03 9.277260e+03 9.260094e+03 2.408969e+04 2.893961e-04
1.388000e+03 8.504629e+03 8.351447e+03 2.408721e+04 3.405076e-04
1.389000e+03 8.311930e+03 8.042376e+03 2.408468e+04 3.605195e-04
1.390000e+03 8.903828e+03 8.349662e+03 2.408207e+04 3.405031e-04
1.391000e+03 9.923930e+03 9.257309e+03 2.407939e+04 2.893870e-04
1.392000e+03 1.120705e+04 1.067842e+04 2.407664e+04 2.267327e-04
1.393000e+03 1.247758e+04 1.242850e+04 2.407382e+04 1.693753e-04
1.394000e+03 1.393612e+04 1.423868e+04 2.407093e+04 1.247550e-04
1.395000e+03 1.518370e+04 1.589671e+04 2.406797e+04 9.284855e-05
1.396000e+03 1.622439e+04 1.729686e+04 2.406494e+04 7.069112e-05
1.397000e+03 1.735102e+04 1.842634e+04 2.406184e+04 5.523070e-05
1.398000e+03 1.831129e+04 1.932728e+04 2.405867e+04 4.421457e-05
1.399000e+03 1.911068e+04 2.004179e+04 2.405544e+04 3.615999e-05
1.400000e+03 1.984151e+04 2.061708e+04 2.405213e+04 3.011964e-05
1.401000e+03 2.037553e+04 2.107307e+04 2.404875e+04 2.548466e-05
1.402000e+03 2.092148e+04 2.144829e+04 2.404530e+04 2.185550e-05
1.403000e+03 2.140559e+04 2.175893e+04 2.404178e+04 1.896308e-05
1.404000e+03 2.149617e+04 2.201202e+04 2.403820e+04 1.662201e-05
1.405000e+03 2.163033e+04 2.222351e+04 2.403454e+04 1.470121e-05
1.406000e+03 2.201686e+04 2.240461e+04 2.403081e+04 1.310620e-05
1.407000e+03 2.226229e+04 2.256068e+04 2.402701e+04 1.176751e-05
1.408000e+03 2.244534e+04 2.269061e+04 2.402314e+04 1.063322e-05
1.409000e+03 2.254245e+04 2.280057e+04 2.401921e+04 9.663854e-06
1.410000e+03 2.267978e+04 2.289716e+04 2.401520e+04 8.829042e-06
1.411000e+03 2.297828e+04 2.298002e+04 2.401113e+04 8.105065e-06
1.412000e+03 2.296428e+04 2.305613e+04 2.400698e+04 7.473212e-06
1.413000e+03 2.296313e+04 2.311801e+04 2.400276e+04 6.918560e-06
1.414000e+03 2.308347e+04 2.317279e+04 2.399847e+04 6.429088e-06
1.415000e+03 2.319511e+04 2.322036e+04 2.399412e+04 5.995029e-06
1.416000e+03 2.300601e+04 2.326808e+04 2.398969e+04 5.608384e-06
1.417000e+03 2.312041e+04 2.330847e+04 2.398520e+04 5.262545e-06
1.418000e+03 2.327348e+04 2.334146e+04 2.398063e+04 4.952022e-06
1.419000e+03 2.354461e+04 2.337447e+04 2.397599e+04 4.672222e-06
1.420000e+03 2.356809e+04 2.339999e+04 2.397129e+04 4.419278e-06
1.421000e+03 2.367289e+04 2.342551e+04 2.396651e+04 4.189913e-06
1.422000e+03 2.354220e+04 2.344345e+04 2.396167e+04 3.981343e-06
1.423000e+03 2.348606e+04 2.346137e+04 2.395675e+04 3.791184e-06
1.424000e+03 2.363022e+04 2.347924e+04 2.395177e+04 3.617389e-06
1.425000e+03 2.382106e+04 2.349708e+04 2.394671e+04 3.458189e-06
1.426000e+03 2.383735e+04 2.350727e+04 2.394159e+04 3.312053e-06
1.427000e+03 2.365978e+04 2.352504e+04 2.393639e+04 3.177652e-06
1.428000e+03 2.351386e+04 2.353513e+04 2.393113e+04 3.053821e-06
1.429000e+03 2.341537e+04 2.354516e+04 2.392579e+04 2.939543e-06
1.430000e+03 2.349159e+04 2.354748e+04 2.392039e+04 2.833923e-06
1.431000e+03 2.374913e+04 2.355740e+04 2.391492e+04 2.736174e-06
1.432000e+03 2.386990e+04 2.356726e+04 2.390937e+04 2.645599e-06
1.433000e+03 2.388506e+04 2.356939e+04 2.390376e+04 2.561583e-06
1.434000e+03 2.384897e+04 2.357145e+04 2.389807e+04 2.483579e-06
1.435000e+03 2.381615e+04 2.358112e+04 2.389232e+04 2.411101e-06
1.436000e+03 2.393033e+04 2.358305e+04 2.388650e+04 2.343718e-06
1.437000e+03 2.377747e+04 2.358492e+04 2.388061e+04 2.281043e-06
1.438000e+03 2.373380e+04 2.358671e+04 2.387464e+04 2.222718e-06
1.439000e+03 2.387167e+04 2.358844e+04 2.386861e+04 2.168467e-06
1.440000e+03 2.374398e+04 2.358241e+04 2.386251e+04 2.118000e-06
1.441000e+03 2.366594e+04 2.358400e+04 2.385633e+04 2.071074e-06
1.442000e+03 2.363793e+04 2.358552e+04 2.385009e+04 2.027471e-06
1.443000e+03 2.386138e+04 2.358697e+04 2.384378e+04 1.987000e-06
1.444000e+03 2.371105e+04 2.358066e+04 2.383740e+04 1.949492e-06
1.445000e+03 2.370220e+04 2.358197e+04 2.383094e+04 1.914798e-06
1.446000e+03 2.362673e+04 2.357552e+04 2.382442e+04 1.882789e-06
1.447000e+03 2.356686e+04 2.357670e+04 2.381783e+04 1.853358e-06
1.448000e+03 2.373418e+04 2.357010e+04 2.381117e+04 1.826411e-06
1.449000e+03 2.349351e+04 2.357113e+04 2.380444e+04 1.801877e-06
1.450000e+03 2.340100e+04 2.356440e+04 2.379763e+04 1.779700e-06
1.451000e+03 2.347645e+04 2.355760e+04 2.379076e+04 1.759844e-06
1.452000e+03 2.348612e+04 2.355842e+04 2.378382e+04 1.742293e-06
1.453000e+03 2.364929e+04 2.355148e+04 2.377681e+04 1.727052e-06
1.454000e+03 2.373228e+04 2.354446e+04 2.376973e+04 1.714147e-06
1.455000e+03 2.358766e+04 2.353738e+04 2.376258e+04 1.703633e-06
1.456000e+03 2.349999e+04 2.353792e+04 2.375536e+04 1.695593e-06
1.457000e+03 2.360210e+04 2.353069e+04 2.374807e+04 1.690145e-06
1.458000e+03 2.382041e+04 2.352340e+04 2.374071e+04 1.687450e-06
1.459000e+03 2.376524e+04 2.351604e+04 2.373328e+04 1.687717e-06
1.460000e+03 2.371724e+04 2.350861e+04 2.372578e+04 1.691221e-06
1.461000e+03 2.344164e+04 2.350111e+04 2.371821e+04 1.698311e-06
1.462000e+03 2.349767e+04 2.348586e+04 2.371057e+04 1.709438e-06
1.463000e+03 2.365164e+04 2.347822e+04 2.370286e+04 1.725178e-06
1.464000e+03 2.361063e+04 2.347052e+04 2.369508e+04 1.746278e-06
1.465000e+03 2.357617e+04 2.345508e+04 2.368723e+04 1.773706e-06
1.466000e+03 2.364250e+04 2.344724e+04 2.367931e+04 1.808729e-06
1.467000e+03 2.361404e+04 2.343167e+04 2.367132e+04 1.853027e-06
1.468000e+03 2.376010e+04 2.341604e+04 2.366326e+04 1.908859e-06
1.469000e+03 2.358315e+04 2.340036e+04 2.365513e+04 1.979306e-06
1.470000e+03 2.355719e+04 2.337699e+04 2.364693e+04 2.068653e-06
1.471000e+03 2.335388e+04 2.335358e+04 2.363867e+04 2.182979e-06
1.472000e+03 2.313233e+04 2.333014e+04 2.363033e+04 2.331108e-06
1.473000e+03 2.310327e+04 2.329907e+04 2.362192e+04 2.526180e-06
1.474000e+03 2.298823e+04 2.325287e+04 2.361344e+04 2.788288e-06
1.475000e+03 2.307532e+04 2.319923e+04 2.360489e+04 3.148922e-06
1.476000e+03 2.300844e+04 2.313076e+04 2.359627e+04 3.658117e-06
1.477000e+03 2.304382e+04 2.302543e+04 2.358759e+04 4.394158e-06
1.478000e+03 2.281233e+04 2.288422e+04 2.357883e+04 5.469190e-06
1.479000e+03 2.266697e+04 2.268678e+04 2.357000e+04 7.005809e-06
1.480000e+03 2.238915e+04 2.243597e+04 2.356110e+04 9.037610e-06
1.481000e+03 2.220729e+04 2.216285e+04 2.355214e+04 1.132384e-05
1.482000e+03 2.207442e+04 2.193641e+04 2.354310e+04 1.323584e-05
1.483000e+03 2.184057e+04 2.184064e+04 2.353399e+04 1.399714e-05
1.484000e+03 2.191943e+04 2.191937e+04 2.352482e+04 1.324354e-05
1.485000e+03 2.215551e+04 2.212843e+04 2.351557e+04 1.133924e-05
1.486000e+03 2.243086e+04 2.238374e+04 2.350625e+04 9.060737e-06
1.487000e+03 2.266186e+04 2.261638e+04 2.349687e+04 7.036686e-06
1.488000e+03 2.264362e+04 2.279550e+04 2.348741e+04 5.507852e-06
1.489000e+03 2.267665e+04 2.291097e+04 2.347788e+04 4.440650e-06
1.490000e+03 2.289420e+04 2.299786e+04 2.346829e+04 3.712493e-06
1.491000e+03 2.275778e+04 2.304800e+04 2.345862e+04 3.211243e-06
1.492000e+03 2.289863e+04 2.308333e+04 2.344889e+04 2.858628e-06
1.493000e+03 2.296753e+04 2.310369e+04 2.343908e+04 2.604618e-06
1.494000e+03 2.311922e+04 2.311651e+04 2.342921e+04 2.417739e-06
1.495000e+03 2.316340e+04 2.312929e+04 2.341926e+04 2.277905e-06
1.496000e+03 2.329956e+04 2.313447e+04 2.340924e+04 2.171986e-06
1.497000e+03 2.336823e+04 2.313205e+04 2.339916e+04 2.091172e-06
1.498000e+03 2.330423e+04 2.312955e+04 2.338900e+04 2.029392e-06
1.499000e+03 2.329796e+04 2.312698e+04 2.337878e+04 1.982376e-06
1.500000e+03 2.322354e+04 2.311680e+04 2.336848e+04 1.947054e-06
1.501000e+03 2.313598e+04 2.311409e+04 2.335812e+04 1.921181e-06
1.502000e+03 2.315703e+04 2.310377e+04 2.334769e+04 1.903090e-06
1.503000e+03 2.313652e+04 2.309337e+04 2.333718e+04 1.891528e-06
1.504000e+03 2.313508e+04 2.308291e+04 2.332661e+04 1.885542e-06
1.505000e+03 2.319527e+04 2.307238e+04 2.331596e+04 1.884403e-06
1.506000e+03 2.310394e+04 2.306177e+04 2.330525e+04 1.887552e-06
1.507000e+03 2.304542e+04 2.305110e+04 2.329447e+04 1.894556e-06
1.508000e+03 2.311802e+04 2.304036e+04 2.328361e+04 1.905083e-06
1.509000e+03 2.319039e+04 2.302955e+04 2.327269e+04 1.918882e-06
1.510000e+03 2.327087e+04 2.301867e+04 2.326170e+04 1.935764e-06
1.511000e+03 2.322185e+04 2.300022e+04 2.325063e+04 1.955592e-06
1.512000e+03 2.327247e+04 2.298921e+04 2.323950e+04 1.978274e-06
1.513000e+03 2.317382e+04 2.297063e+04 2.322830e+04 2.003752e-06
1.514000e+03 2.304170e+04 2.295948e+04 2.321702e+04 2.032003e-06
1.515000e+03 2.299204e+04 2.294078e+04 2.320568e+04 2.063031e-06
1.516000e+03 2.296196e+04 2.292950e+04 2.319427e+04 2.096865e-06
1.517000e+03 2.291585e+04 2.291067e+04 2.318279e+04 2.133559e-06
1.518000e+03 2.304447e+04 2.289925e+04 2.317123e+04 2.173190e-06
1.519000e+03 2.299617e+04 2.288031e+04 2.315961e+04 2.215856e-06
1.520000e+03 2.295772e+04 2.286130e+04 2.314792e+04 2.261678e-06
1.521000e+03 2.287899e+04 2.284225e+04 2.313616e+04 2.310800e-06
1.522000e+03 2.300938e+04 2.282313e+04 2.312433e+04 2.363388e-06
1.523000e+03 2.279201e+04 2.280396e+04 2.311243e+04 2.419635e-06
1.524000e+03 2.273545e+04 2.278473e+04 2.310046e+04 2.479770e-06
1.525000e+03 2.271267e+04 2.276545e+04 2.308841e+04 2.544017e-06
1.526000e+03 2.291286e+04 2.274611e+04 2.307630e+04 2.612664e-06
1.527000e+03 2.286610e+04 2.272671e+04 2.306412e+04 2.686022e-06
1.528000e+03 2.284966e+04 2.270725e+04 2.305187e+04 2.764440e-06
1.529000e+03 2.281690e+04 2.268037e+04 2.303955e+04 2.848309e-06
1.530000e+03 2.281058e+04 2.266082e+04 2.302716e+04 2.938066e-06
1.531000e+03 2.275913e+04 2.263386e+04 2.301470e+04 3.034205e-06
1.532000e+03 2.262537e+04 2.260687e+04 2.300217e+04 3.137277e-06
1.533000e+03 2.273857e+04 2.258716e+04 2.298957e+04 3.247902e-06
1.534000e+03 2.272629e+04 2.256008e+04 2.297690e+04 3.366779e-06
1.535000e+03 2.261190e+04 2.252568e+04 2.296416e+04 3.494697e-06
1.536000e+03 2.256838e+04 2.249856e+04 2.295135e+04 3.632550e-06
1.537000e+03 2.242751e+04 2.247140e+04 2.293847e+04 3.781351e-06
1.538000e+03 2.218748e+04 2.243696e+04 2.292552e+04 3.942253e-06
1.539000e+03 2.236762e+04 2.240251e+04 2.291250e+04 4.116574e-06
1.540000e+03 2.234747e+04 2.236807e+04 2.289941e+04 4.305823e-06
1.541000e+03 2.232780e+04 2.232643e+04 2.288625e+04 4.511734e-06
1.542000e+03 2.227815e+04 2.229200e+04 2.287302e+04 4.736310e-06
1.543000e+03 2.240838e+04 2.224328e+04 2.285972e+04 4.981873e-06
1.544000e+03 2.225277e+04 2.220177e+04 2.284636e+04 5.251126e-06
1.545000e+03 2.199718e+04 2.215319e+04 2.283292e+04 5.547235e-06
1.546000e+03 2.186861e+04 2.209764e+04 2.281941e+04 5.873916e-06
1.547000e+03 2.163214e+04 2.204224e+04 2.280583e+04 6.235573e-06
1.548000e+03 2.162667e+04 2.198698e+04 2.279218e+04 6.637439e-06
1.549000e+03 2.138198e+04 2.191794e+04 2.277846e+04 7.085780e-06
1.550000e+03 2.104796e+04 2.184919e+04 2.276468e+04 7.588153e-06
1.551000e+03 2.081806e+04 2.176696e+04 2.275082e+04 8.153727e-06
1.552000e+03 2.076375e+04 2.167837e+04 2.273689e+04 8.793738e-06
1.553000e+03 2.060626e+04 2.158354e+04 2.272289e+04 9.522049e-06
1.554000e+03 2.062293e+04 2.147596e+04 2.270883e+04 1.035595e-05
1.555000e+03 2.039670e+04 2.135598e+04 2.269469e+04 1.131722e-05
1.556000e+03 2.039511e+04 2.121745e+04 2.268048e+04 1.243360e-05
1.557000e+03 2.050700e+04 2.106109e+04 2.266621e+04 1.374089e-05
1.558000e+03 2.052031e+04 2.088767e+04 2.265186e+04 1.528595e-05
1.559000e+03 2.061829e+04 2.067935e+04 2.263744e+04 1.713105e-05
1.560000e+03 2.036638e+04 2.043212e+04 2.262296e+04 1.936044e-05
1.561000e+03 2.025418e+04 2.014287e+04 2.260840e+04 2.209051e-05
1.562000e+03 2.018204e+04 1.979813e+04 2.259377e+04 2.548537e-05
1.563000e+03 1.976115e+04 1.938181e+04 2.257908e+04 2.978323e-05
1.564000e+03 1.948950e+04 1.887208e+04 2.256431e+04 3.534017e-05
1.565000e+03 1.899396e+04 1.823571e+04 2.254948e+04 4.270765e-05
1.566000e+03 1.832922e+04 1.744185e+04 2.253457e+04 5.277641e-05
1.567000e+03 1.746759e+04 1.642370e+04 2.251960e+04 6.705093e-05
1.568000e+03 1.632095e+04 1.512445e+04 2.250455e+04 8.817848e-05
1.569000e+03 1.478182e+04 1.347410e+04 2.248943e+04 1.208732e-04
1.570000e+03 1.263310e+04 1.148339e+04 2.247425e+04 1.730100e-04
1.571000e+03 1.021692e+04 9.313614e+03 2.245899e+04 2.550925e-04
1.572000e+03 7.709270e+03 7.315492e+03 2.244367e+04 3.737363e-04
1.573000e+03 5.647850e+03 5.811755e+03 2.242828e+04 5.167883e-04
1.574000e+03 4.539748e+03 4.924482e+03 2.241281e+04 6.418895e-04
1.575000e+03 4.424760e+03 4.635132e+03 2.239728e+04 6.926705e-04
1.576000e+03 5.050979e+03 4.916927e+03 2.238167e+04 6.420024e-04
1.577000e+03 6.313689e+03 5.793636e+03 2.236600e+04 5.170146e-04
1.578000e+03 7.698680e+03 7.280346e+03 2.235025e+04 3.740768e-04
1.579000e+03 9.321029e+03 9.251836e+03 2.233444e+04 2.555483e-04
1.580000e+03 1.106425e+04 1.138464e+04 2.231856e+04 1.735827e-04
1.581000e+03 1.254814e+04 1.333317e+04 2.230260e+04 1.215648e-04
1.582000e+03 1.392785e+04 1.493161e+04 2.228658e+04 8.899144e-05
1.583000e+03 1.501178e+04 1.617973e+04 2.227049e+04 6.798816e-05
1.584000e+03 1.582652e+04 1.714612e+04 2.225432e+04 5.384129e-05
1.585000e+03 1.673145e+04 1.788844e+04 2.223809e+04 4.390408e-05
1.586000e+03 1.755818e+04 1.847346e+04 2.222179e+04 3.667262e-05
1.587000e+03 1.818554e+04 1.893238e+04 2.220541e+04 3.125675e-05
1.588000e+03 1.860647e+04 1.929282e+04 2.218897e+04 2.710565e-05
1.589000e+03 1.893121e+04 1.958750e+04 2.217246e+04 2.386396e-05
1.590000e+03 1.911175e+04 1.982127e+04 2.215588e+04 2.129424e-05
1.591000e+03 1.927897e+04 2.000715e+04 2.213922e+04 1.923317e-05
1.592000e+03 1.963877e+04 2.016034e+04 2.212250e+04 1.756532e-05
1.593000e+03 1.992076e+04 2.028532e+04 2.210571e+04 1.620745e-05
1.594000e+03 2.007628e+04 2.038712e+04 2.208885e+04 1.509844e-05
1.595000e+03 2.020218e+04 2.046497e+04 2.207192e+04 1.419272e-05
1.596000e+03 2.040390e+04 2.052455e+04 2.205492e+04 1.345590e-05
1.597000e+03 2.041071e+04 2.057182e+04 2.203784e+04 1.286187e-05
1.598000e+03 2.048407e+04 2.060659e+04 2.202070e+04 1.239065e-05
1.599000e+03 2.073900e+04 2.062870e+04 2.200349e+04 1.202705e-05
1.600000e+03 2.077277e+04 2.064443e+04 2.198621e+04 1.175955e-05
1.601000e+03 2.079492e+04 2.064732e+04 2.196886e+04 1.157963e-05
1.602000e+03 2.071628e+04 2.063735e+04 2.195144e+04 1.148123e-05
1.603000e+03 2.069150e+04 2.062730e+04 2.193395e+04 1.146040e-05
1.604000e+03 2.053623e+04 2.060440e+04 2.191639e+04 1.151505e-05
1.605000e+03 2.051738e+04 2.057506e+04 2.189876e+04 1.164483e-05
1.606000e+03 2.052554e+04 2.053297e+04 2.188106e+04 1.185105e-05
1.607000e+03 2.066105e+04 2.048458e+04 2.186329e+04 1.213676e-05
1.608000e+03 2.050185e+04 2.042997e+04 2.184545e+04 1.250678e-05
1.609000e+03 2.053034e+04 2.036296e+04 2.182754e+04 1.296800e-05
1.610000e+03 2.047245e+04 2.028998e+04 2.180956e+04 1.352958e-05
1.611000e+03 2.064353e+04 2.020498e+04 2.179151e+04 1.420343e-05
1.612000e+03 2.038873e+04 2.010208e+04 2.177339e+04 1.500479e-05
1.613000e+03 2.020899e+04 1.998788e+04 2.175520e+04 1.595302e-05
1.614000e+03 2.003918e+04 1.986273e+04 2.173694e+04 1.707269e-05
1.615000e+03 1.983454e+04 1.970932e+04 2.171861e+04 1.839511e-05
1.616000e+03 1.972645e+04 1.954051e+04 2.170021e+04 1.996031e-05
1.617000e+03 1.977185e+04 1.934571e+04 2.168175e+04 2.181999e-05
1.618000e+03 1.950229e+04 1.912090e+04 2.166321e+04 2.404160e-05
1.619000e+03 1.940967e+04 1.885737e+04 2.164460e+04 2.671413e-05
1.620000e+03 1.911596e+04 1.854787e+04 2.162592e+04 2.995674e-05
1.621000e+03 1.895159e+04 1.819204e+04 2.160717e+04 3.393163e-05
1.622000e+03 1.860937e+04 1.776658e+04 2.158835e+04 3.886356e-05
1.623000e+03 1.801218e+04 1.726355e+04 2.156947e+04 4.507058e-05
1.624000e+03 1.744015e+04 1.666316e+04 2.155051e+04 5.301335e-05
1.625000e+03 1.685302e+04 1.594087e+04 2.153148e+04 6.337460e-05
1.626000e+03 1.617660e+04 1.507259e+04 2.151238e+04 7.719522e-05
1.627000e+03 1.539969e+04 1.403100e+04 2.149322e+04 9.609784e-05
1.628000e+03 1.433113e+04 1.278987e+04 2.147398e+04 1.226473e-04
1.629000e+03 1.303170e+04 1.135087e+04 2.145467e+04 1.608356e-04
1.630000e+03 1.161257e+04 9.755313e+03 2.143529e+04 2.163601e-04
1.631000e+03 9.883459e+03 8.128154e+03 2.141585e+04 2.954470e-04
1.632000e+03 7.949539e+03 6.660396e+03 2.139633e+04 3.998207e-04
1.633000e+03 6.237770e+03 5.535963e+03 2.137675e+04 5.172148e-04
1.634000e+03 5.002279e+03 4.848939e+03 2.135709e+04 6.153969e-04
1.635000e+03 4.513689e+03 4.618220e+03 2.133736e+04 6.543686e-04
1.636000e+03 4.687498e+03 4.840328e+03 2.131757e+04 6.153211e-04
1.637000e+03 5.251850e+03 5.516436e+03 2.129770e+04 5.170630e-04
1.638000e+03 6.113988e+03 6.626210e+03 2.127777e+04 3.995924e-04
1.639000e+03 7.408340e+03 8.073207e+03 2.125776e+04 2.951414e-04
1.640000e+03 8.552328e+03 9.675547e+03 2.123768e+04 2.159762e-04
1.641000e+03 9.862408e+03 1.124111e+04 2.121754e+04 1.603722e-04
1.642000e+03 1.099038e+04 1.264995e+04 2.119732e+04 1.221028e-04
1.643000e+03 1.213486e+04 1.385444e+04 2.117704e+04 9.547037e-05
1.644000e+03 1.318239e+04 1.486461e+04 2.115668e+04 7.648260e-05
1.645000e+03 1.398770e+04 1.569811e+04 2.113626e+04 6.257436e-05
1.646000e+03 1.467076e+04 1.638973e+04 2.111576e+04 5.212263e-05
1.647000e+03 1.554681e+04 1.695560e+04 2.109520e+04 4.408617e-05
1.648000e+03 1.615531e+04 1.742892e+04 2.107457e+04 3.778181e-05
1.649000e+03 1.684833e+04 1.782521e+04 2.105386e+04 3.274846e-05
1.650000e+03 1.733431e+04 1.815242e+04 2.103309e+04 2.866758e-05
1.651000e+03 1.769039e+04 1.842827e+04 2.101224e+04 2.531386e-05
1.652000e+03 1.820775e+04 1.866375e+04 2.099133e+04 2.252454e-05
1.653000e+03 1.845634e+04 1.886087e+04 2.097035e+04 2.017977e-05
1.654000e+03 1.868185e+04 1.903396e+04 2.094929e+04 1.818983e-05
1.655000e+03 1.868614e+04 1.917572e+04 2.092817e+04 1.648647e-05
1.656000e+03 1.878618e+04 1.930217e+04 2.090697e+04 1.501708e-05
1.657000e+03 1.891775e+04 1.940668e+04 2.088571e+04 1.374056e-05
1.658000e+03 1.912017e+04 1.950044e+04 2.086438e+04 1.262445e-05
1.659000e+03 1.934777e+04 1.958309e+04 2.084298e+04 1.164285e-05
1.660000e+03 1.962038e+04 1.964819e+04 2.082150e+04 1.077487e-05
1.661000e+03 1.981877e+04 1.970762e+04 2.079996e+04 1.000353e-05
1.662000e+03 1.977852e+04 1.976127e+04 2.077835e+04 9.314918e-06
1.663000e+03 1.990138e+04 1.980279e+04 2.075667e+04 8.697524e-06
1.664000e+03 2.007794e+04 1.983823e+04 2.073491e+04 8.141781e-06
1.665000e+03 2.004076e+04 1.987382e+04 2.071309e+04 7.639685e-06
1.666000e+03 2.002258e+04 1.989690e+04 2.069120e+04 7.184484e-06
1.667000e+03 2.010137e+04 1.992002e+04 2.066924e+04 6.770463e-06
1.668000e+03 2.023774e+04 1.994318e+04 2.064721e+04 6.392750e-06
1.669000e+03 2.006217e+04 1.995999e+04 2.062511e+04 6.047179e-06
1.670000e+03 2.024847e+04 1.997042e+04 2.060293e+04 5.730163e-06
1.671000e+03 2.033731e+04 1.998081e+04 2.058069e+04 5.438605e-06
1.672000e+03 2.062073e+04 1.998475e+04 2.055838e+04 5.169817e-06
1.673000e+03 2.093751e+04 1.998864e+04 2.053600e+04 4.921461e-06
1.674000e+03 2.044758e+04 1.999246e+04 2.051355e+04 4.691488e-06
1.675000e+03 2.030629e+04 1.999624e+04 2.049103e+04 4.478104e-06
1.676000e+03 2.039374e+04 1.999350e+04 2.046844e+04 4.279729e-06
1.677000e+03 2.040081e+04 1.999070e+04 2.044578e+04 4.094967e-06
1.678000e+03 2.030833e+04 1.998781e+04 2.042305e+04 3.922581e-06
1.679000e+03 2.019962e+04 1.998486e+04 2.040025e+04 3.761475e-06
1.680000e+03 2.036276e+04 1.997537e+04 2.037738e+04 3.610668e-06
1.681000e+03 2.024154e+04 1.997226e+04 2.035444e+04 3.469261e-06
1.682000e+03 2.023452e+04 1.996260e+04 2.033143e+04 3.336527e-06
1.683000e+03 2.039585e+04 1.995287e+04 2.030835e+04 3.211733e-06
1.684000e+03 2.029434e+04 1.994305e+04 2.028520e+04 3.094248e-06
