9.150000e+02 1.706708e+04 1.683915e+04 1.751139e+04 7.235783e-06
9.160000e+02 1.702952e+04 1.683660e+04 1.754206e+04 7.540486e-06
9.170000e+02 1.696278e+04 1.683930e+04 1.757265e+04 7.866218e-06
9.180000e+02 1.701601e+04 1.683662e+04 1.760318e+04 8.215036e-06
9.190000e+02 1.692015e+04 1.683388e+04 1.763364e+04 8.589263e-06
9.200000e+02 1.711292e+04 1.682580e+04 1.766403e+04 8.991528e-06
9.210000e+02 1.715964e+04 1.681768e+04 1.769435e+04 9.424821e-06
9.220000e+02 1.706590e+04 1.680428e+04 1.772460e+04 9.892547e-06
9.230000e+02 1.691469e+04 1.679087e+04 1.775478e+04 1.039861e-05
9.240000e+02 1.684367e+04 1.676703e+04 1.778489e+04 1.094750e-05
9.250000e+02 1.693740e+04 1.674328e+04 1.781494e+04 1.154441e-05
9.260000e+02 1.689470e+04 1.671443e+04 1.784491e+04 1.219535e-05
9.270000e+02 1.678437e+04 1.668059e+04 1.787481e+04 1.290734e-05
9.280000e+02 1.667374e+04 1.664182e+04 1.790464e+04 1.368861e-05
9.290000e+02 1.665603e+04 1.659822e+04 1.793440e+04 1.454888e-05
9.300000e+02 1.663982e+04 1.654487e+04 1.796410e+04 1.549968e-05
9.310000e+02 1.647051e+04 1.648201e+04 1.799372e+04 1.655479e-05
9.320000e+02 1.638073e+04 1.641482e+04 1.802327e+04 1.773082e-05
9.330000e+02 1.628307e+04 1.632883e+04 1.805275e+04 1.904791e-05
9.340000e+02 1.623644e+04 1.623913e+04 1.808217e+04 2.053075e-05
9.350000e+02 1.621809e+04 1.612691e+04 1.811151e+04 2.220983e-05
9.360000e+02 1.611827e+04 1.600254e+04 1.814079e+04 2.412327e-05
9.370000e+02 1.589132e+04 1.585754e+04 1.816999e+04 2.631925e-05
9.380000e+02 1.563505e+04 1.569319e+04 1.819913e+04 2.885966e-05
9.390000e+02 1.545521e+04 1.549780e+04 1.822819e+04 3.182465e-05
9.400000e+02 1.531840e+04 1.526974e+04 1.825719e+04 3.532059e-05
9.410000e+02 1.509528e+04 1.500412e+04 1.828611e+04 3.949075e-05
9.420000e+02 1.462521e+04 1.469367e+04 1.831497e+04 4.453305e-05
9.430000e+02 1.421212e+04 1.432249e+04 1.834375e+04 5.072828e-05
9.440000e+02 1.382171e+04 1.388010e+04 1.837247e+04 5.848809e-05
9.450000e+02 1.361433e+04 1.334620e+04 1.840112e+04 6.844069e-05
9.460000e+02 1.301452e+04 1.269555e+04 1.842969e+04 8.158902e-05
9.470000e+02 1.222596e+04 1.189851e+04 1.845820e+04 9.960666e-05
9.480000e+02 1.120062e+04 1.091410e+04 1.848664e+04 1.253707e-04
9.490000e+02 9.850811e+03 9.710846e+03 1.851501e+04 1.638128e-04
9.500000e+02 8.162859e+03 8.302032e+03 1.854330e+04 2.229584e-04
9.510000e+02 6.192430e+03 6.778699e+03 1.857153e+04 3.144321e-04
9.520000e+02 4.868730e+03 5.314448e+03 1.859969e+04 4.518062e-04
9.530000e+02 4.196959e+03 4.078359e+03 1.862778e+04 6.448222e-04
9.540000e+02 3.647609e+03 3.151585e+03 1.865580e+04 8.893483e-04
9.550000e+02 2.763480e+03 2.524088e+03 1.868375e+04 1.157561e-03
9.560000e+02 1.991209e+03 2.144152e+03 1.871163e+04 1.397183e-03
9.570000e+02 1.573770e+03 1.961774e+03 1.873944e+04 1.546586e-03
9.580000e+02 1.498520e+03 1.947726e+03 1.876718e+04 1.561635e-03
9.590000e+02 1.769920e+03 2.099090e+03 1.879485e+04 1.438247e-03
9.600000e+02 2.461070e+03 2.438800e+03 1.882245e+04 1.214630e-03
9.610000e+02 3.412699e+03 3.009603e+03 1.884998e+04 9.515018e-04
9.620000e+02 4.288730e+03 3.853811e+03 1.887745e+04 7.046462e-04
9.630000e+02 5.338350e+03 4.968832e+03 1.890484e+04 5.069565e-04
9.640000e+02 6.385369e+03 6.250913e+03 1.893216e+04 3.666433e-04
9.650000e+02 7.241770e+03 7.499149e+03 1.895941e+04 2.761910e-04
9.660000e+02 8.050029e+03 8.499242e+03 1.898660e+04 2.229970e-04
9.670000e+02 8.674061e+03 9.114432e+03 1.901371e+04 1.962940e-04
9.680000e+02 8.954199e+03 9.281524e+03 1.904075e+04 1.900112e-04
9.690000e+02 8.972430e+03 8.960352e+03 1.906772e+04 2.038732e-04
9.700000e+02 8.364670e+03 8.092257e+03 1.909463e+04 2.457259e-04
9.710000e+02 6.886410e+03 6.657151e+03 1.912146e+04 3.383772e-04
9.720000e+02 4.842039e+03 4.909760e+03 1.914823e+04 5.241600e-04
9.730000e+02 3.470320e+03 3.614378e+03 1.917492e+04 7.782244e-04
9.740000e+02 3.443549e+03 3.426345e+03 1.920155e+04 8.322892e-04
9.750000e+02 4.331199e+03 4.354807e+03 1.922810e+04 6.173401e-04
9.760000e+02 5.604250e+03 5.739076e+03 1.925459e+04 4.256075e-04
9.770000e+02 6.671320e+03 6.657636e+03 1.928101e+04 3.426536e-04
9.780000e+02 7.097660e+03 6.792871e+03 1.930735e+04 3.329366e-04
9.790000e+02 6.878730e+03 6.262715e+03 1.933363e+04 3.771687e-04
9.800000e+02 5.785471e+03 5.303657e+03 1.935983e+04 4.789908e-04
9.810000e+02 4.080430e+03 4.202166e+03 1.938597e+04 6.531100e-04
9.820000e+02 2.769549e+03 3.275505e+03 1.941204e+04 8.906018e-04
9.830000e+02 2.327629e+03 2.778827e+03 1.943804e+04 1.083817e-03
9.840000e+02 2.581150e+03 2.828967e+03 1.946396e+04 1.063065e-03
9.850000e+02 3.458811e+03 3.441117e+03 1.948982e+04 8.431343e-04
9.860000e+02 4.745420e+03 4.537574e+03 1.951561e+04 5.966346e-04
9.870000e+02 6.082299e+03 5.934847e+03 1.954133e+04 4.143513e-04
9.880000e+02 7.639311e+03 7.426435e+03 1.956698e+04 2.954324e-04
9.890000e+02 9.120029e+03 8.866086e+03 1.959256e+04 2.186642e-04
9.900000e+02 1.035766e+04 1.017668e+04 1.961807e+04 1.677102e-04
9.910000e+02 1.140078e+04 1.132791e+04 1.964351e+04 1.326341e-04
9.920000e+02 1.231824e+04 1.232762e+04 1.966888e+04 1.076197e-04
9.930000e+02 1.315924e+04 1.318310e+04 1.969418e+04 8.920882e-05
9.940000e+02 1.389918e+04 1.391931e+04 1.971941e+04 7.528185e-05
9.950000e+02 1.451675e+04 1.455040e+04 1.974457e+04 6.449473e-05
9.960000e+02 1.512868e+04 1.509366e+04 1.976966e+04 5.596742e-05
9.970000e+02 1.547660e+04 1.556360e+04 1.979468e+04 4.910631e-05
9.980000e+02 1.587659e+04 1.597270e+04 1.981964e+04 4.350019e-05
9.990000e+02 1.628676e+04 1.633145e+04 1.984452e+04 3.885726e-05
1.000000e+03 1.649990e+04 1.664564e+04 1.986933e+04 3.496582e-05
1.001000e+03 1.691031e+04 1.692839e+04 1.989407e+04 3.167020e-05
1.002000e+03 1.714596e+04 1.717602e+04 1.991875e+04 2.885261e-05
1.003000e+03 1.710774e+04 1.740020e+04 1.994335e+04 2.642341e-05
1.004000e+03 1.729356e+04 1.759891e+04 1.996788e+04 2.431321e-05
1.005000e+03 1.743924e+04 1.778075e+04 1.999235e+04 2.246761e-05
1.006000e+03 1.769678e+04 1.794462e+04 2.001674e+04 2.084344e-05
1.007000e+03 1.800467e+04 1.809487e+04 2.004107e+04 1.940611e-05
1.008000e+03 1.815942e+04 1.823628e+04 2.006532e+04 1.812762e-05
1.009000e+03 1.823653e+04 1.836288e+04 2.008951e+04 1.698511e-05
1.010000e+03 1.814556e+04 1.847966e+04 2.011362e+04 1.595975e-05
1.011000e+03 1.839969e+04 1.859192e+04 2.013767e+04 1.503591e-05
1.012000e+03 1.846480e+04 1.869377e+04 2.016164e+04 1.420054e-05
1.013000e+03 1.862411e+04 1.878489e+04 2.018555e+04 1.344266e-05
1.014000e+03 1.861166e+04 1.887663e+04 2.020939e+04 1.275299e-05
1.015000e+03 1.875054e+04 1.896311e+04 2.023315e+04 1.212363e-05
1.016000e+03 1.890392e+04 1.903830e+04 2.025685e+04 1.154781e-05
1.017000e+03 1.892847e+04 1.911385e+04 2.028048e+04 1.101973e-05
1.018000e+03 1.911720e+04 1.918377e+04 2.030404e+04 1.053436e-05
1.019000e+03 1.903753e+04 1.925398e+04 2.032752e+04 1.008735e-05
1.020000e+03 1.900337e+04 1.931842e+04 2.035094e+04 9.674917e-06
1.021000e+03 1.906942e+04 1.937699e+04 2.037429e+04 9.293749e-06
1.022000e+03 1.914828e+04 1.943572e+04 2.039757e+04 8.940940e-06
1.023000e+03 1.936555e+04 1.948847e+04 2.042078e+04 8.613941e-06
1.024000e+03 1.941060e+04 1.954748e+04 2.044392e+04 8.310491e-06
1.025000e+03 1.934372e+04 1.959426e+04 2.046699e+04 8.028600e-06
1.026000e+03 1.946534e+04 1.964731e+04 2.048999e+04 7.766497e-06
1.027000e+03 1.939459e+04 1.969422e+04 2.051292e+04 7.522613e-06
1.028000e+03 1.965188e+04 1.974118e+04 2.053578e+04 7.295550e-06
1.029000e+03 1.961021e+04 1.978191e+04 2.055857e+04 7.084056e-06
1.030000e+03 1.955334e+04 1.982265e+04 2.058129e+04 6.887020e-06
1.031000e+03 1.970824e+04 1.986972e+04 2.060394e+04 6.703446e-06
1.032000e+03 1.958563e+04 1.990417e+04 2.062652e+04 6.532444e-06
1.033000e+03 1.961196e+04 1.994494e+04 2.064904e+04 6.373220e-06
1.034000e+03 1.959734e+04 1.998573e+04 2.067148e+04 6.225065e-06
1.035000e+03 1.968324e+04 2.002013e+04 2.069385e+04 6.087347e-06
1.036000e+03 1.984896e+04 2.005451e+04 2.071615e+04 5.959504e-06
1.037000e+03 1.983971e+04 2.008886e+04 2.073839e+04 5.841044e-06
1.038000e+03 1.979158e+04 2.012320e+04 2.076055e+04 5.731530e-06
1.039000e+03 1.998822e+04 2.015750e+04 2.078264e+04 5.630588e-06
1.040000e+03 2.017358e+04 2.018532e+04 2.080467e+04 5.537893e-06
1.041000e+03 2.031283e+04 2.021957e+04 2.082662e+04 5.453171e-06
1.042000e+03 2.028921e+04 2.024730e+04 2.084851e+04 5.376225e-06
1.043000e+03 2.023187e+04 2.027498e+04 2.087032e+04 5.306882e-06
1.044000e+03 2.017681e+04 2.030262e+04 2.089207e+04 5.245037e-06
1.045000e+03 2.014945e+04 2.033020e+04 2.091374e+04 5.190643e-06
1.046000e+03 2.006158e+04 2.035773e+04 2.093535e+04 5.143715e-06
1.047000e+03 2.023603e+04 2.037867e+04 2.095688e+04 5.104341e-06
1.048000e+03 2.037440e+04 2.040609e+04 2.097835e+04 5.072692e-06
1.049000e+03 2.046296e+04 2.042690e+04 2.099975e+04 5.049031e-06
1.050000e+03 2.055342e+04 2.045421e+04 2.102107e+04 5.033740e-06
1.051000e+03 2.047761e+04 2.047490e+04 2.104233e+04 5.027344e-06
1.052000e+03 2.031491e+04 2.049551e+04 2.106352e+04 5.030545e-06
1.053000e+03 2.027494e+04 2.050948e+04 2.108463e+04 5.044280e-06
1.054000e+03 2.025788e+04 2.052995e+04 2.110568e+04 5.069790e-06
1.055000e+03 2.033964e+04 2.054376e+04 2.112666e+04 5.108723e-06
1.056000e+03 2.045924e+04 2.055750e+04 2.114757e+04 5.163295e-06
1.057000e+03 2.037520e+04 2.057116e+04 2.116841e+04 5.236517e-06
1.058000e+03 2.064360e+04 2.058474e+04 2.118918e+04 5.332551e-06
1.059000e+03 2.061567e+04 2.058506e+04 2.120988e+04 5.457287e-06
1.060000e+03 2.045336e+04 2.059189e+04 2.123051e+04 5.619202e-06
1.061000e+03 2.052742e+04 2.058549e+04 2.125107e+04 5.831036e-06
1.062000e+03 2.069608e+04 2.057246e+04 2.127156e+04 6.112540e-06
1.063000e+03 2.074352e+04 2.055286e+04 2.129198e+04 6.495899e-06
1.064000e+03 2.090313e+04 2.051371e+04 2.131233e+04 7.036741e-06
1.065000e+03 2.079821e+04 2.044235e+04 2.133261e+04 7.838618e-06
1.066000e+03 2.047961e+04 2.032676e+04 2.135282e+04 9.110681e-06
1.067000e+03 2.035132e+04 2.011222e+04 2.137296e+04 1.129659e-05
1.068000e+03 1.979633e+04 1.972689e+04 2.139304e+04 1.527633e-05
1.069000e+03 1.915945e+04 1.905547e+04 2.141304e+04 2.232911e-05
1.070000e+03 1.797100e+04 1.812593e+04 2.143297e+04 3.297402e-05
1.071000e+03 1.708440e+04 1.720654e+04 2.145283e+04 4.458480e-05
1.072000e+03 1.666518e+04 1.673959e+04 2.147263e+04 5.110636e-05
1.073000e+03 1.710326e+04 1.697324e+04 2.149235e+04 4.812038e-05
1.074000e+03 1.798982e+04 1.778584e+04 2.151200e+04 3.787295e-05
1.075000e+03 1.877313e+04 1.876430e+04 2.153159e+04 2.664669e-05
1.076000e+03 1.928691e+04 1.953975e+04 2.155110e+04 1.862046e-05
1.077000e+03 1.985385e+04 1.998787e+04 2.157055e+04 1.432905e-05
1.078000e+03 1.998812e+04 2.013509e+04 2.158992e+04 1.304277e-05
1.079000e+03 1.970955e+04 1.999315e+04 2.160923e+04 1.459430e-05
1.080000e+03 1.928694e+04 1.957476e+04 2.162846e+04 1.897809e-05
1.081000e+03 1.896515e+04 1.906274e+04 2.164763e+04 2.450804e-05
1.082000e+03 1.897171e+04 1.880637e+04 2.166672e+04 2.747100e-05
1.083000e+03 1.934148e+04 1.901345e+04 2.168575e+04 2.537129e-05
1.084000e+03 1.962035e+04 1.955617e+04 2.170471e+04 1.983080e-05
1.085000e+03 1.982536e+04 2.010510e+04 2.172359e+04 1.453482e-05
1.086000e+03 2.026769e+04 2.044718e+04 2.174241e+04 1.145652e-05
1.087000e+03 2.050995e+04 2.058616e+04 2.176116e+04 1.030223e-05
1.088000e+03 2.059700e+04 2.062314e+04 2.177984e+04 1.014062e-05
1.089000e+03 2.059934e+04 2.061500e+04 2.179845e+04 1.038993e-05
1.090000e+03 2.055960e+04 2.058116e+04 2.181698e+04 1.083220e-05
1.091000e+03 2.050174e+04 2.054105e+04 2.183545e+04 1.140875e-05
1.092000e+03 2.052940e+04 2.048207e+04 2.185385e+04 1.211176e-05
1.093000e+03 2.043075e+04 2.041089e+04 2.187218e+04 1.295108e-05
1.094000e+03 2.027596e+04 2.032157e+04 2.189044e+04 1.394684e-05
1.095000e+03 2.016899e+04 2.021463e+04 2.190863e+04 1.512843e-05
1.096000e+03 2.011260e+04 2.009068e+04 2.192675e+04 1.653629e-05
1.097000e+03 1.988920e+04 1.993248e+04 2.194480e+04 1.822523e-05
1.098000e+03 1.990031e+04 1.974761e+04 2.196278e+04 2.026974e-05
1.099000e+03 1.969182e+04 1.952050e+04 2.198069e+04 2.277197e-05
1.100000e+03 1.943251e+04 1.924316e+04 2.199853e+04 2.587418e-05
1.101000e+03 1.913172e+04 1.889873e+04 2.201630e+04 2.977776e-05
1.102000e+03 1.856803e+04 1.847954e+04 2.203401e+04 3.477197e-05
1.103000e+03 1.815936e+04 1.794804e+04 2.205164e+04 4.127718e-05
1.104000e+03 1.757512e+04 1.729363e+04 2.206920e+04 4.990435e-05
1.105000e+03 1.667812e+04 1.647668e+04 2.208669e+04 6.151952e-05
1.106000e+03 1.558006e+04 1.548361e+04 2.210412e+04 7.726010e-05
1.107000e+03 1.444660e+04 1.432390e+04 2.212147e+04 9.835866e-05
1.108000e+03 1.300720e+04 1.306260e+04 2.213875e+04 1.255308e-04
1.109000e+03 1.146196e+04 1.182718e+04 2.215596e+04 1.577815e-04
1.110000e+03 1.033131e+04 1.077894e+04 2.217311e+04 1.910799e-04
1.111000e+03 9.813709e+03 1.005208e+04 2.219018e+04 2.182642e-04
1.112000e+03 9.637400e+03 9.736728e+03 2.220719e+04 2.314787e-04
1.113000e+03 1.008446e+04 9.866898e+03 2.222412e+04 2.263693e-04
1.114000e+03 1.078320e+04 1.042568e+04 2.224099e+04 2.048308e-04
1.115000e+03 1.174126e+04 1.134792e+04 2.225779e+04 1.737843e-04
1.116000e+03 1.282284e+04 1.250492e+04 2.227451e+04 1.411363e-04
1.117000e+03 1.388931e+04 1.374380e+04 2.229117e+04 1.123452e-04
1.118000e+03 1.472385e+04 1.491613e+04 2.230775e+04 8.954808e-05
1.119000e+03 1.548296e+04 1.592489e+04 2.232427e+04 7.257891e-05
1.120000e+03 1.632102e+04 1.674863e+04 2.234072e+04 6.032500e-05
1.121000e+03 1.698596e+04 1.739331e+04 2.235709e+04 5.158461e-05
1.122000e+03 1.747015e+04 1.787867e+04 2.237340e+04 4.539291e-05
1.123000e+03 1.789918e+04 1.824274e+04 2.238964e+04 4.106227e-05
1.124000e+03 1.832392e+04 1.849959e+04 2.240581e+04 3.812840e-05
1.125000e+03 1.862603e+04 1.867055e+04 2.242190e+04 3.628762e-05
1.126000e+03 1.880649e+04 1.876638e+04 2.243793e+04 3.534892e-05
1.127000e+03 1.882553e+04 1.879010e+04 2.245389e+04 3.520270e-05
1.128000e+03 1.876536e+04 1.875163e+04 2.246978e+04 3.580253e-05
1.129000e+03 1.880605e+04 1.865185e+04 2.248560e+04 3.715637e-05
1.130000e+03 1.884788e+04 1.847781e+04 2.250135e+04 3.932616e-05
1.131000e+03 1.878897e+04 1.823380e+04 2.251703e+04 4.243505e-05
1.132000e+03 1.843492e+04 1.790677e+04 2.253264e+04 4.668409e-05
1.133000e+03 1.799051e+04 1.747917e+04 2.254818e+04 5.238287e-05
1.134000e+03 1.737526e+04 1.693671e+04 2.256365e+04 6.000098e-05
1.135000e+03 1.671993e+04 1.625585e+04 2.257905e+04 7.025670e-05
1.136000e+03 1.592398e+04 1.540688e+04 2.259439e+04 8.426782e-05
1.137000e+03 1.492681e+04 1.435781e+04 2.260965e+04 1.038085e-04
1.138000e+03 1.347595e+04 1.308450e+04 2.262484e+04 1.317259e-04
1.139000e+03 1.173400e+04 1.158368e+04 2.263996e+04 1.724972e-04
1.140000e+03 9.583580e+03 9.908709e+03 2.265502e+04 2.324992e-04
1.141000e+03 7.565840e+03 8.207449e+03 2.267000e+04 3.184531e-04
1.142000e+03 5.918730e+03 6.698292e+03 2.268491e+04 4.313382e-04
1.143000e+03 4.867689e+03 5.570638e+03 2.269975e+04 5.557913e-04
1.144000e+03 4.603439e+03 4.912081e+03 2.271453e+04 6.550833e-04
1.145000e+03 4.833629e+03 4.733890e+03 2.272923e+04 6.871279e-04
1.146000e+03 5.556699e+03 5.032607e+03 2.274387e+04 6.361322e-04
1.147000e+03 6.467119e+03 5.816257e+03 2.275843e+04 5.265242e-04
1.148000e+03 7.698240e+03 7.064968e+03 2.277293e+04 4.018133e-04
1.149000e+03 9.090799e+03 8.670408e+03 2.278735e+04 2.942236e-04
1.150000e+03 1.058392e+04 1.043042e+04 2.280171e+04 2.143645e-04
1.151000e+03 1.223256e+04 1.213463e+04 2.281599e+04 1.590570e-04
1.152000e+03 1.349212e+04 1.365937e+04 2.283021e+04 1.213194e-04
1.153000e+03 1.455620e+04 1.496138e+04 2.284436e+04 9.517906e-05
1.154000e+03 1.547281e+04 1.605280e+04 2.285843e+04 7.658007e-05
1.155000e+03 1.637873e+04 1.696265e+04 2.287244e+04 6.296269e-05
1.156000e+03 1.703369e+04 1.771415e+04 2.288638e+04 5.272473e-05
1.157000e+03 1.768062e+04 1.834804e+04 2.290024e+04 4.484491e-05
1.158000e+03 1.828116e+04 1.887295e+04 2.291404e+04 3.865515e-05
1.159000e+03 1.881529e+04 1.932538e+04 2.292777e+04 3.370619e-05
1.160000e+03 1.953316e+04 1.970401e+04 2.294143e+04 2.968760e-05
1.161000e+03 1.998153e+04 2.002782e+04 2.295502e+04 2.638000e-05
1.162000e+03 2.019896e+04 2.031445e+04 2.296854e+04 2.362490e-05
1.163000e+03 2.056640e+04 2.056033e+04 2.298198e+04 2.130563e-05
1.164000e+03 2.086208e+04 2.077465e+04 2.299537e+04 1.933473e-05
1.165000e+03 2.097680e+04 2.096161e+04 2.300867e+04 1.764568e-05
1.166000e+03 2.119233e+04 2.112607e+04 2.302191e+04 1.618716e-05
1.167000e+03 2.126393e+04 2.127990e+04 2.303508e+04 1.491904e-05
1.168000e+03 2.135987e+04 2.140946e+04 2.304819e+04 1.380964e-05
1.169000e+03 2.153825e+04 2.153375e+04 2.306122e+04 1.283362e-05
1.170000e+03 2.152395e+04 2.163918e+04 2.307418e+04 1.197054e-05
1.171000e+03 2.159006e+04 2.173871e+04 2.308707e+04 1.120379e-05
1.172000e+03 2.183983e+04 2.183217e+04 2.309989e+04 1.051974e-05
1.173000e+03 2.196387e+04 2.191255e+04 2.311264e+04 9.907117e-06
1.174000e+03 2.213939e+04 2.198647e+04 2.312533e+04 9.356554e-06
1.175000e+03 2.230433e+04 2.205380e+04 2.313794e+04 8.860205e-06
1.176000e+03 2.236716e+04 2.212141e+04 2.315048e+04 8.411464e-06
1.177000e+03 2.230182e+04 2.218228e+04 2.316296e+04 8.004743e-06
1.178000e+03 2.249065e+04 2.223631e+04 2.317536e+04 7.635284e-06
1.179000e+03 2.240937e+04 2.229048e+04 2.318769e+04 7.299030e-06
1.180000e+03 2.230902e+04 2.233770e+04 2.319996e+04 6.992499e-06
1.181000e+03 2.235736e+04 2.237787e+04 2.321215e+04 6.712702e-06
1.182000e+03 2.237873e+04 2.242522e+04 2.322428e+04 6.457059e-06
1.183000e+03 2.251729e+04 2.246549e+04 2.323633e+04 6.223344e-06
1.184000e+03 2.257064e+04 2.249861e+04 2.324831e+04 6.009636e-06
1.185000e+03 2.259105e+04 2.253172e+04 2.326023e+04 5.814273e-06
1.186000e+03 2.281064e+04 2.256483e+04 2.327208e+04 5.635824e-06
1.187000e+03 2.286539e+04 2.259794e+04 2.328385e+04 5.473058e-06
1.188000e+03 2.290334e+04 2.263104e+04 2.329556e+04 5.324929e-06
1.189000e+03 2.300469e+04 2.265687e+04 2.330720e+04 5.190551e-06
1.190000e+03 2.294401e+04 2.268266e+04 2.331876e+04 5.069194e-06
1.191000e+03 2.297177e+04 2.270842e+04 2.333026e+04 4.960264e-06
1.192000e+03 2.282588e+04 2.272684e+04 2.334169e+04 4.863286e-06
1.193000e+03 2.270611e+04 2.275252e+04 2.335304e+04 4.777995e-06
1.194000e+03 2.275870e+04 2.277083e+04 2.336433e+04 4.704187e-06
1.195000e+03 2.273940e+04 2.278910e+04 2.337555e+04 4.641827e-06
1.196000e+03 2.281392e+04 2.280730e+04 2.338670e+04 4.591047e-06
1.197000e+03 2.307710e+04 2.282545e+04 2.339778e+04 4.552151e-06
1.198000e+03 2.292772e+04 2.283619e+04 2.340879e+04 4.525655e-06
1.199000e+03 2.299592e+04 2.284686e+04 2.341973e+04 4.512320e-06
1.200000e+03 2.298899e+04 2.285746e+04 2.343060e+04 4.513213e-06
1.201000e+03 2.308654e+04 2.286800e+04 2.344140e+04 4.529783e-06
1.202000e+03 2.316110e+04 2.287111e+04 2.345213e+04 4.563967e-06
1.203000e+03 2.313567e+04 2.288150e+04 2.346279e+04 4.618349e-06
1.204000e+03 2.299631e+04 2.287711e+04 2.347338e+04 4.696391e-06
1.205000e+03 2.308644e+04 2.287266e+04 2.348390e+04 4.802740e-06
1.206000e+03 2.291637e+04 2.286814e+04 2.349435e+04 4.943738e-06
1.207000e+03 2.288456e+04 2.285622e+04 2.350473e+04 5.128171e-06
1.208000e+03 2.291555e+04 2.283695e+04 2.351505e+04 5.368461e-06
1.209000e+03 2.284316e+04 2.281035e+04 2.352529e+04 5.682608e-06
1.210000e+03 2.299614e+04 2.276923e+04 2.353546e+04 6.097451e-06
1.211000e+03 2.291801e+04 2.270653e+04 2.354557e+04 6.654201e-06
1.212000e+03 2.272849e+04 2.262980e+04 2.355560e+04 7.417783e-06
1.213000e+03 2.251799e+04 2.251094e+04 2.356556e+04 8.491428e-06
1.214000e+03 2.243920e+04 2.233736e+04 2.357546e+04 1.003590e-05
1.215000e+03 2.197633e+04 2.208433e+04 2.358528e+04 1.228493e-05
1.216000e+03 2.173920e+04 2.172435e+04 2.359504e+04 1.553267e-05
1.217000e+03 2.131118e+04 2.124915e+04 2.360472e+04 2.005307e-05
1.218000e+03 2.063116e+04 2.065062e+04 2.361433e+04 2.591994e-05
1.219000e+03 1.991685e+04 1.999553e+04 2.362388e+04 3.276406e-05
1.220000e+03 1.933993e+04 1.938114e+04 2.363336e+04 3.961569e-05
1.221000e+03 1.881419e+04 1.892295e+04 2.364276e+04 4.503651e-05
1.222000e+03 1.872572e+04 1.871789e+04 2.365210e+04 4.761557e-05
1.223000e+03 1.881555e+04 1.880871e+04 2.366136e+04 4.661340e-05
1.224000e+03 1.918337e+04 1.917815e+04 2.367056e+04 4.234034e-05
1.225000e+03 1.991805e+04 1.974502e+04 2.367969e+04 3.599515e-05
1.226000e+03 2.052865e+04 2.040369e+04 2.368874e+04 2.908304e-05
1.227000e+03 2.105990e+04 2.103920e+04 2.369773e+04 2.281269e-05
1.228000e+03 2.149177e+04 2.157804e+04 2.370665e+04 1.780338e-05
1.229000e+03 2.185060e+04 2.199562e+04 2.371550e+04 1.414174e-05
1.230000e+03 2.215821e+04 2.229023e+04 2.372428e+04 1.161258e-05
1.231000e+03 2.243244e+04 2.250068e+04 2.373299e+04 9.916330e-06
1.232000e+03 2.245739e+04 2.264344e+04 2.374163e+04 8.790474e-06
1.233000e+03 2.242928e+04 2.273747e+04 2.375019e+04 8.045828e-06
1.234000e+03 2.246161e+04 2.280323e+04 2.375869e+04 7.558986e-06
1.235000e+03 2.247183e+04 2.284749e+04 2.376712e+04 7.252994e-06
1.236000e+03 2.258214e+04 2.287730e+04 2.377548e+04 7.080461e-06
1.237000e+03 2.270369e+04 2.289254e+04 2.378377e+04 7.012235e-06
1.238000e+03 2.273414e+04 2.290046e+04 2.379199e+04 7.030537e-06
1.239000e+03 2.283676e+04 2.289376e+04 2.380015e+04 7.125028e-06
1.240000e+03 2.275708e+04 2.288701e+04 2.380823e+04 7.290536e-06
1.241000e+03 2.284496e+04 2.286570e+04 2.381624e+04 7.525816e-06
1.242000e+03 2.273681e+04 2.283716e+04 2.382418e+04 7.832920e-06
1.243000e+03 2.294792e+04 2.279424e+04 2.383205e+04 8.216974e-06
1.244000e+03 2.298011e+04 2.274429e+04 2.383986e+04 8.686285e-06
1.245000e+03 2.297051e+04 2.268739e+04 2.384759e+04 9.252725e-06
1.246000e+03 2.301681e+04 2.260953e+04 2.385525e+04 9.932502e-06
1.247000e+03 2.304840e+04 2.252516e+04 2.386284e+04 1.074727e-05
1.248000e+03 2.274560e+04 2.241360e+04 2.387037e+04 1.172584e-05
1.249000e+03 2.250710e+04 2.228254e+04 2.387782e+04 1.290674e-05
1.250000e+03 2.226876e+04 2.212594e+04 2.388521e+04 1.434198e-05
1.251000e+03 2.226044e+04 2.193827e+04 2.389252e+04 1.610277e-05
1.252000e+03 2.193761e+04 2.170168e+04 2.389977e+04 1.828840e-05
1.253000e+03 2.181152e+04 2.141310e+04 2.390694e+04 2.104048e-05
1.254000e+03 2.146513e+04 2.105242e+04 2.391404e+04 2.456582e-05
1.255000e+03 2.089819e+04 2.059795e+04 2.392108e+04 2.917654e-05
1.256000e+03 2.047225e+04 2.001267e+04 2.392805e+04 3.535986e-05
1.257000e+03 1.975069e+04 1.925340e+04 2.393494e+04 4.390801e-05
1.258000e+03 1.885140e+04 1.826517e+04 2.394177e+04 5.616406e-05
1.259000e+03 1.752038e+04 1.695585e+04 2.394853e+04 7.448174e-05
1.260000e+03 1.576465e+04 1.526025e+04 2.395521e+04 1.029678e-04
1.261000e+03 1.320449e+04 1.316923e+04 2.396183e+04 1.480971e-04
1.262000e+03 1.032051e+04 1.088525e+04 2.396838e+04 2.172024e-04
1.263000e+03 7.856699e+03 8.809285e+03 2.397486e+04 3.111486e-04
1.264000e+03 6.436350e+03 7.311861e+03 2.398126e+04 4.120407e-04
1.265000e+03 6.180459e+03 6.552490e+03 2.398760e+04 4.809053e-04
1.266000e+03 6.825600e+03 6.545943e+03 2.399387e+04 4.817047e-04
1.267000e+03 8.104811e+03 7.293384e+03 2.400007e+04 4.139726e-04
1.268000e+03 9.839070e+03 8.782474e+03 2.400620e+04 3.132765e-04
1.269000e+03 1.150667e+04 1.085962e+04 2.401226e+04 2.188753e-04
1.270000e+03 1.321347e+04 1.315730e+04 2.401825e+04 1.491693e-04
1.271000e+03 1.489736e+04 1.527208e+04 2.402417e+04 1.035652e-04
1.272000e+03 1.626478e+04 1.699766e+04 2.403002e+04 7.476555e-05
1.273000e+03 1.757988e+04 1.832767e+04 2.403580e+04 5.624662e-05
1.274000e+03 1.868275e+04 1.934426e+04 2.404151e+04 4.385511e-05
1.275000e+03 1.938203e+04 2.012339e+04 2.404715e+04 3.520787e-05
1.276000e+03 2.005745e+04 2.072898e+04 2.405272e+04 2.894565e-05
1.277000e+03 2.074792e+04 2.121015e+04 2.405823e+04 2.426745e-05
1.278000e+03 2.110792e+04 2.159176e+04 2.406366e+04 2.068075e-05
1.279000e+03 2.158273e+04 2.190129e+04 2.406902e+04 1.787022e-05
1.280000e+03 2.192942e+04 2.215890e+04 2.407431e+04 1.562687e-05
1.281000e+03 2.213601e+04 2.236748e+04 2.407954e+04 1.380749e-05
1.282000e+03 2.246332e+04 2.254500e+04 2.408469e+04 1.231149e-05
1.283000e+03 2.264305e+04 2.269696e+04 2.408978e+04 1.106648e-05
1.284000e+03 2.269647e+04 2.282942e+04 2.409479e+04 1.001930e-05
1.285000e+03 2.293401e+04 2.294167e+04 2.409973e+04 9.130175e-06
1.286000e+03 2.307835e+04 2.304039e+04 2.410461e+04 8.368901e-06
1.287000e+03 2.310944e+04 2.312520e+04 2.410941e+04 7.712161e-06
1.288000e+03 2.319307e+04 2.319580e+04 2.411415e+04 7.141754e-06
1.289000e+03 2.328905e+04 2.326675e+04 2.411881e+04 6.643292e-06
1.290000e+03 2.347950e+04 2.332314e+04 2.412341e+04 6.205283e-06
1.291000e+03 2.364822e+04 2.337225e+04 2.412793e+04 5.818459e-06
1.292000e+03 2.361056e+04 2.342148e+04 2.413239e+04 5.475273e-06
1.293000e+03 2.363505e+04 2.346330e+04 2.413678e+04 5.169539e-06
1.294000e+03 2.393596e+04 2.350519e+04 2.414109e+04 4.896142e-06
1.295000e+03 2.378971e+04 2.353957e+04 2.414534e+04 4.650823e-06
1.296000e+03 2.383352e+04 2.357397e+04 2.414952e+04 4.430015e-06
1.297000e+03 2.396233e+04 2.360079e+04 2.415363e+04 4.230715e-06
1.298000e+03 2.395421e+04 2.362758e+04 2.415766e+04 4.050375e-06
1.299000e+03 2.383417e+04 2.365436e+04 2.416163e+04 3.886826e-06
1.300000e+03 2.376929e+04 2.367347e+04 2.416553e+04 3.738213e-06
1.301000e+03 2.374003e+04 2.370020e+04 2.416936e+04 3.602942e-06
1.302000e+03 2.379195e+04 2.371924e+04 2.417312e+04 3.479639e-06
1.303000e+03 2.362430e+04 2.373823e+04 2.417681e+04 3.367111e-06
1.304000e+03 2.369715e+04 2.374947e+04 2.418043e+04 3.264324e-06
1.305000e+03 2.374867e+04 2.376836e+04 2.418398e+04 3.170375e-06
1.306000e+03 2.399326e+04 2.377949e+04 2.418746e+04 3.084474e-06
1.307000e+03 2.409080e+04 2.379829e+04 2.419087e+04 3.005933e-06
1.308000e+03 2.403750e+04 2.380930e+04 2.419421e+04 2.934145e-06
1.309000e+03 2.399371e+04 2.382025e+04 2.419748e+04 2.868575e-06
1.310000e+03 2.385278e+04 2.383115e+04 2.420068e+04 2.808755e-06
1.311000e+03 2.391332e+04 2.384197e+04 2.420381e+04 2.754271e-06
1.312000e+03 2.406588e+04 2.385274e+04 2.420688e+04 2.704757e-06
1.313000e+03 2.399753e+04 2.385569e+04 2.420987e+04 2.659892e-06
1.314000e+03 2.396457e+04 2.386633e+04 2.421279e+04 2.619380e-06
1.315000e+03 2.406723e+04 2.387691e+04 2.421564e+04 2.582997e-06
1.316000e+03 2.405560e+04 2.387965e+04 2.421843e+04 2.550512e-06
1.317000e+03 2.404844e+04 2.389010e+04 2.422114e+04 2.521733e-06
1.318000e+03 2.397792e+04 2.389271e+04 2.422378e+04 2.496495e-06
1.319000e+03 2.410851e+04 2.389524e+04 2.422636e+04 2.474654e-06
1.320000e+03 2.416344e+04 2.390549e+04 2.422886e+04 2.456089e-06
1.321000e+03 2.414956e+04 2.390790e+04 2.423129e+04 2.440698e-06
1.322000e+03 2.406496e+04 2.391023e+04 2.423366e+04 2.428396e-06
1.323000e+03 2.407787e+04 2.391249e+04 2.423596e+04 2.419117e-06
1.324000e+03 2.430347e+04 2.392248e+04 2.423818e+04 2.412809e-06
1.325000e+03 2.426473e+04 2.392460e+04 2.424034e+04 2.409438e-06
1.326000e+03 2.420881e+04 2.392666e+04 2.424242e+04 2.408984e-06
1.327000e+03 2.404044e+04 2.392865e+04 2.424444e+04 2.411442e-06
1.328000e+03 2.398715e+04 2.392279e+04 2.424638e+04 2.416823e-06
1.329000e+03 2.399297e+04 2.392464e+04 2.424826e+04 2.425151e-06
1.330000e+03 2.408489e+04 2.392642e+04 2.425007e+04 2.436466e-06
1.331000e+03 2.406912e+04 2.392813e+04 2.425180e+04 2.450824e-06
1.332000e+03 2.399615e+04 2.392978e+04 2.425347e+04 2.468297e-06
1.333000e+03 2.404856e+04 2.392357e+04 2.425507e+04 2.488972e-06
1.334000e+03 2.385716e+04 2.392507e+04 2.425660e+04 2.512955e-06
1.335000e+03 2.389092e+04 2.391873e+04 2.425806e+04 2.540370e-06
1.336000e+03 2.370945e+04 2.392010e+04 2.425945e+04 2.571364e-06
1.337000e+03 2.351772e+04 2.391362e+04 2.426077e+04 2.606101e-06
1.338000e+03 2.358953e+04 2.391485e+04 2.426202e+04 2.644772e-06
1.339000e+03 2.383908e+04 2.390824e+04 2.426320e+04 2.687593e-06
1.340000e+03 2.400158e+04 2.390156e+04 2.426430e+04 2.734808e-06
1.341000e+03 2.412637e+04 2.389482e+04 2.426535e+04 2.786694e-06
1.342000e+03 2.419444e+04 2.388802e+04 2.426632e+04 2.843560e-06
1.343000e+03 2.406892e+04 2.388115e+04 2.426722e+04 2.905777e-06
1.344000e+03 2.407155e+04 2.387421e+04 2.426805e+04 2.973703e-06
1.345000e+03 2.387683e+04 2.386722e+04 2.426881e+04 3.047800e-06
1.346000e+03 2.370203e+04 2.386015e+04 2.426950e+04 3.128567e-06
1.347000e+03 2.379399e+04 2.384530e+04 2.427012e+04 3.216569e-06
1.348000e+03 2.382132e+04 2.383039e+04 2.427068e+04 3.312442e-06
1.349000e+03 2.379481e+04 2.382315e+04 2.427116e+04 3.416908e-06
1.350000e+03 2.370385e+04 2.380813e+04 2.427157e+04 3.530784e-06
1.351000e+03 2.354798e+04 2.379307e+04 2.427191e+04 3.654996e-06
1.352000e+03 2.345955e+04 2.377028e+04 2.427219e+04 3.790602e-06
1.353000e+03 2.354121e+04 2.375512e+04 2.427239e+04 3.938809e-06
1.354000e+03 2.361037e+04 2.373227e+04 2.427253e+04 4.100998e-06
1.355000e+03 2.365134e+04 2.370938e+04 2.427259e+04 4.278758e-06
1.356000e+03 2.378180e+04 2.368648e+04 2.427258e+04 4.473920e-06
1.357000e+03 2.372201e+04 2.365594e+04 2.427251e+04 4.688604e-06
1.358000e+03 2.374660e+04 2.362541e+04 2.427236e+04 4.925274e-06
1.359000e+03 2.379752e+04 2.359489e+04 2.427215e+04 5.186812e-06
1.360000e+03 2.360403e+04 2.355684e+04 2.427187e+04 5.476581e-06
1.361000e+03 2.348609e+04 2.351885e+04 2.427151e+04 5.798561e-06
1.362000e+03 2.351446e+04 2.347341e+04 2.427109e+04 6.157466e-06
1.363000e+03 2.330392e+04 2.342062e+04 2.427059e+04 6.558914e-06
1.364000e+03 2.318881e+04 2.336058e+04 2.427003e+04 7.009641e-06
1.365000e+03 2.313580e+04 2.330077e+04 2.426940e+04 7.517785e-06
1.366000e+03 2.326772e+04 2.322653e+04 2.426870e+04 8.093236e-06
1.367000e+03 2.348907e+04 2.314540e+04 2.426792e+04 8.748123e-06
1.368000e+03 2.339844e+04 2.305753e+04 2.426708e+04 9.497432e-06
1.369000e+03 2.313092e+04 2.294875e+04 2.426617e+04 1.035986e-05
1.370000e+03 2.297631e+04 2.282675e+04 2.426519e+04 1.135896e-05
1.371000e+03 2.285998e+04 2.269195e+04 2.426414e+04 1.252472e-05
1.372000e+03 2.295980e+04 2.253101e+04 2.426302e+04 1.389578e-05
1.373000e+03 2.277976e+04 2.234506e+04 2.426182e+04 1.552262e-05
1.374000e+03 2.253441e+04 2.212207e+04 2.426056e+04 1.747202e-05
1.375000e+03 2.221480e+04 2.185783e+04 2.425923e+04 1.983383e-05
1.376000e+03 2.184953e+04 2.154909e+04 2.425783e+04 2.273096e-05
1.377000e+03 2.140382e+04 2.116932e+04 2.425637e+04 2.633473e-05
1.378000e+03 2.087046e+04 2.071467e+04 2.425483e+04 3.088882e-05
1.379000e+03 2.059982e+04 2.015671e+04 2.425322e+04 3.674693e-05
1.380000e+03 1.982745e+04 1.946674e+04 2.425154e+04 4.443322e-05
1.381000e+03 1.897669e+04 1.861259e+04 2.424979e+04 5.473717e-05
1.382000e+03 1.781940e+04 1.755748e+04 2.424797e+04 6.885151e-05
1.383000e+03 1.644996e+04 1.627322e+04 2.424608e+04 8.853082e-05
1.384000e+03 1.479820e+04 1.475878e+04 2.424413e+04 1.161188e-04
1.385000e+03 1.280420e+04 1.308832e+04 2.424210e+04 1.539937e-04
1.386000e+03 1.104611e+04 1.142635e+04 2.424000e+04 2.026829e-04
1.387000e+03 9.358221e+03 9.995222e+03 2.423784e+04 2.575184e-04
1.388000e+03 8.466400e+03 8.993401e+03 2.423560e+04 3.062779e-04
1.389000e+03 8.366939e+03 8.532890e+03 2.423329e+04 3.325250e-04
1.390000e+03 8.877770e+03 8.651656e+03 2.423092e+04 3.254616e-04
1.391000e+03 9.852840e+03 9.339501e+03 2.422847e+04 2.881192e-04
1.392000e+03 1.121832e+04 1.053348e+04 2.422596e+04 2.349538e-04
1.393000e+03 1.277115e+04 1.208378e+04 2.422337e+04 1.815876e-04
1.394000e+03 1.392305e+04 1.376838e+04 2.422072e+04 1.371311e-04
1.395000e+03 1.521766e+04 1.538561e+04 2.421799e+04 1.036903e-04
1.396000e+03 1.639739e+04 1.680702e+04 2.421520e+04 7.964180e-05
1.397000e+03 1.747470e+04 1.799156e+04 2.421234e+04 6.248661e-05
1.398000e+03 1.845987e+04 1.895111e+04 2.420940e+04 5.010281e-05
1.399000e+03 1.936097e+04 1.972831e+04 2.420640e+04 4.098237e-05
1.400000e+03 1.995447e+04 2.036089e+04 2.420333e+04 3.411680e-05
1.401000e+03 2.035923e+04 2.086793e+04 2.420018e+04 2.883933e-05
1.402000e+03 2.088647e+04 2.128912e+04 2.419697e+04 2.470456e-05
1.403000e+03 2.126561e+04 2.163159e+04 2.419369e+04 2.140971e-05
1.404000e+03 2.154747e+04 2.191956e+04 2.419034e+04 1.874425e-05
1.405000e+03 2.179499e+04 2.215489e+04 2.418692e+04 1.655898e-05
1.406000e+03 2.210854e+04 2.236118e+04 2.418343e+04 1.474599e-05
1.407000e+03 2.224195e+04 2.252972e+04 2.417987e+04 1.322584e-05
1.408000e+03 2.272304e+04 2.267972e+04 2.417623e+04 1.193907e-05
1.409000e+03 2.287187e+04 2.280328e+04 2.417253e+04 1.084053e-05
1.410000e+03 2.281999e+04 2.291383e+04 2.416876e+04 9.895407e-06
1.411000e+03 2.299540e+04 2.301096e+04 2.416492e+04 9.076571e-06
1.412000e+03 2.318465e+04 2.309430e+04 2.416102e+04 8.362615e-06
1.413000e+03 2.323078e+04 2.316355e+04 2.415704e+04 7.736474e-06
1.414000e+03 2.316524e+04 2.322579e+04 2.415299e+04 7.184412e-06
1.415000e+03 2.318275e+04 2.328833e+04 2.414887e+04 6.695278e-06
1.416000e+03 2.328393e+04 2.333626e+04 2.414468e+04 6.259943e-06
1.417000e+03 2.351552e+04 2.338435e+04 2.414042e+04 5.870876e-06
1.418000e+03 2.355953e+04 2.341757e+04 2.413609e+04 5.521820e-06
1.419000e+03 2.343515e+04 2.345836e+04 2.413170e+04 5.207547e-06
1.420000e+03 2.355561e+04 2.348415e+04 2.412723e+04 4.923655e-06
1.421000e+03 2.361460e+04 2.351749e+04 2.412269e+04 4.666425e-06
1.422000e+03 2.371920e+04 2.354329e+04 2.411809e+04 4.432690e-06
1.423000e+03 2.382744e+04 2.356149e+04 2.411341e+04 4.219745e-06
1.424000e+03 2.395355e+04 2.357966e+04 2.410866e+04 4.025268e-06
1.425000e+03 2.395446e+04 2.359779e+04 2.410385e+04 3.847256e-06
1.426000e+03 2.393443e+04 2.361589e+04 2.409896e+04 3.683973e-06
1.427000e+03 2.387005e+04 2.363396e+04 2.409401e+04 3.533912e-06
1.428000e+03 2.366424e+04 2.364434e+04 2.408898e+04 3.395759e-06
1.429000e+03 2.342851e+04 2.365465e+04 2.408389e+04 3.268363e-06
1.430000e+03 2.353811e+04 2.366492e+04 2.407872e+04 3.150714e-06
1.431000e+03 2.365428e+04 2.367513e+04 2.407349e+04 3.041921e-06
1.432000e+03 2.375635e+04 2.368528e+04 2.406819e+04 2.941200e-06
1.433000e+03 2.384892e+04 2.368769e+04 2.406281e+04 2.847858e-06
1.434000e+03 2.383638e+04 2.369772e+04 2.405737e+04 2.761277e-06
1.435000e+03 2.392821e+04 2.369999e+04 2.405186e+04 2.680911e-06
1.436000e+03 2.387572e+04 2.370220e+04 2.404628e+04 2.606273e-06
1.437000e+03 2.381097e+04 2.370434e+04 2.404062e+04 2.536916e-06
1.438000e+03 2.372875e+04 2.371412e+04 2.403490e+04 2.472487e-06
1.439000e+03 2.377979e+04 2.371613e+04 2.402911e+04 2.412622e-06
1.440000e+03 2.373292e+04 2.371034e+04 2.402325e+04 2.357015e-06
1.441000e+03 2.392847e+04 2.371221e+04 2.401732e+04 2.305395e-06
1.442000e+03 2.375369e+04 2.371401e+04 2.401132e+04 2.257520e-06
1.443000e+03 2.374405e+04 2.371574e+04 2.400525e+04 2.213169e-06
1.444000e+03 2.381822e+04 2.371741e+04 2.399911e+04 2.172165e-06
1.445000e+03 2.368336e+04 2.371127e+04 2.399289e+04 2.134339e-06
1.446000e+03 2.359976e+04 2.371280e+04 2.398662e+04 2.099547e-06
1.447000e+03 2.347815e+04 2.370652e+04 2.398027e+04 2.067670e-06
1.448000e+03 2.342015e+04 2.370791e+04 2.397385e+04 2.038607e-06
1.449000e+03 2.342571e+04 2.370149e+04 2.396736e+04 2.012280e-06
1.450000e+03 2.345304e+04 2.370274e+04 2.396080e+04 1.988630e-06
1.451000e+03 2.372760e+04 2.369618e+04 2.395417e+04 1.967620e-06
1.452000e+03 2.379014e+04 2.368955e+04 2.394747e+04 1.949234e-06
1.453000e+03 2.394753e+04 2.369059e+04 2.394071e+04 1.933480e-06
1.454000e+03 2.400720e+04 2.368383e+04 2.393387e+04 1.920393e-06
1.455000e+03 2.383073e+04 2.367699e+04 2.392696e+04 1.910037e-06
1.456000e+03 2.377415e+04 2.367009e+04 2.391998e+04 1.902509e-06
1.457000e+03 2.372297e+04 2.366311e+04 2.391294e+04 1.897944e-06
1.458000e+03 2.365846e+04 2.365607e+04 2.390582e+04 1.896524e-06
1.459000e+03 2.380526e+04 2.364896e+04 2.389864e+04 1.898486e-06
1.460000e+03 2.365793e+04 2.364178e+04 2.389138e+04 1.904136e-06
1.461000e+03 2.354523e+04 2.363453e+04 2.388405e+04 1.913861e-06
1.462000e+03 2.350619e+04 2.362721e+04 2.387666e+04 1.928161e-06
1.463000e+03 2.368748e+04 2.361212e+04 2.386920e+04 1.947666e-06
1.464000e+03 2.359752e+04 2.360467e+04 2.386166e+04 1.973185e-06
1.465000e+03 2.352398e+04 2.358944e+04 2.385406e+04 2.005758e-06
1.466000e+03 2.361534e+04 2.358185e+04 2.384638e+04 2.046738e-06
1.467000e+03 2.359453e+04 2.356651e+04 2.383864e+04 2.097895e-06
1.468000e+03 2.375120e+04 2.355110e+04 2.383083e+04 2.161583e-06
1.469000e+03 2.364241e+04 2.352797e+04 2.382294e+04 2.240974e-06
1.470000e+03 2.356305e+04 2.351246e+04 2.381499e+04 2.340411e-06
1.471000e+03 2.348406e+04 2.348923e+04 2.380697e+04 2.465960e-06
1.472000e+03 2.335798e+04 2.345834e+04 2.379888e+04 2.626279e-06
1.473000e+03 2.341771e+04 2.341983e+04 2.379071e+04 2.834001e-06
1.474000e+03 2.323099e+04 2.338135e+04 2.378248e+04 3.108080e-06
1.475000e+03 2.301920e+04 2.332779e+04 2.377418e+04 3.477699e-06
1.476000e+03 2.296969e+04 2.325183e+04 2.376581e+04 3.988847e-06
1.477000e+03 2.286619e+04 2.315388e+04 2.375737e+04 4.714717e-06
1.478000e+03 2.261512e+04 2.301240e+04 2.374886e+04 5.768609e-06
1.479000e+03 2.238312e+04 2.281445e+04 2.374028e+04 7.306606e-06
1.480000e+03 2.215437e+04 2.254877e+04 2.373163e+04 9.479034e-06
1.481000e+03 2.188841e+04 2.221320e+04 2.372291e+04 1.226832e-05
1.482000e+03 2.176225e+04 2.186720e+04 2.371412e+04 1.523769e-05
1.483000e+03 2.168198e+04 2.161572e+04 2.370526e+04 1.746320e-05
1.484000e+03 2.193678e+04 2.154923e+04 2.369633e+04 1.798585e-05
1.485000e+03 2.218256e+04 2.169728e+04 2.368733e+04 1.655287e-05
1.486000e+03 2.230336e+04 2.199473e+04 2.367826e+04 1.384081e-05
1.487000e+03 2.244624e+04 2.232144e+04 2.366913e+04 1.088200e-05
1.488000e+03 2.248828e+04 2.260820e+04 2.365992e+04 8.382449e-06
1.489000e+03 2.264269e+04 2.282238e+04 2.365064e+04 6.544875e-06
1.490000e+03 2.287886e+04 2.296691e+04 2.364129e+04 5.276110e-06
1.491000e+03 2.289172e+04 2.306867e+04 2.363188e+04 4.411137e-06
1.492000e+03 2.293398e+04 2.313392e+04 2.362239e+04 3.813280e-06
1.493000e+03 2.306278e+04 2.317697e+04 2.361283e+04 3.390335e-06
1.494000e+03 2.285697e+04 2.320510e+04 2.360321e+04 3.083958e-06
1.495000e+03 2.303097e+04 2.322570e+04 2.359351e+04 2.857418e-06
1.496000e+03 2.311606e+04 2.323873e+04 2.358375e+04 2.687172e-06
1.497000e+03 2.324921e+04 2.324415e+04 2.357391e+04 2.557736e-06
1.498000e+03 2.327908e+04 2.324952e+04 2.356401e+04 2.458659e-06
1.499000e+03 2.324040e+04 2.324724e+04 2.355403e+04 2.382703e-06
1.500000e+03 2.314297e+04 2.324489e+04 2.354399e+04 2.324746e-06
1.501000e+03 2.309453e+04 2.324248e+04 2.353388e+04 2.281093e-06
1.502000e+03 2.313444e+04 2.323242e+04 2.352369e+04 2.249030e-06
1.503000e+03 2.309809e+04 2.322987e+04 2.351344e+04 2.226535e-06
1.504000e+03 2.322853e+04 2.321967e+04 2.350312e+04 2.212082e-06
1.505000e+03 2.325892e+04 2.320940e+04 2.349272e+04 2.204510e-06
1.506000e+03 2.328963e+04 2.319906e+04 2.348226e+04 2.202927e-06
1.507000e+03 2.320875e+04 2.318866e+04 2.347173e+04 2.206645e-06
1.508000e+03 2.321183e+04 2.317818e+04 2.346113e+04 2.215136e-06
1.509000e+03 2.318572e+04 2.316764e+04 2.345045e+04 2.227991e-06
1.510000e+03 2.314572e+04 2.314948e+04 2.343971e+04 2.244901e-06
1.511000e+03 2.312415e+04 2.313881e+04 2.342890e+04 2.265634e-06
1.512000e+03 2.303006e+04 2.312806e+04 2.341802e+04 2.290022e-06
1.513000e+03 2.287815e+04 2.310972e+04 2.340707e+04 2.317952e-06
1.514000e+03 2.284112e+04 2.309884e+04 2.339605e+04 2.349355e-06
1.515000e+03 2.295080e+04 2.308037e+04 2.338496e+04 2.384204e-06
1.516000e+03 2.291182e+04 2.306185e+04 2.337380e+04 2.422504e-06
1.517000e+03 2.298534e+04 2.305077e+04 2.336257e+04 2.464296e-06
1.518000e+03 2.286952e+04 2.303212e+04 2.335127e+04 2.509649e-06
1.519000e+03 2.267944e+04 2.301342e+04 2.333990e+04 2.558660e-06
1.520000e+03 2.267944e+04 2.299466e+04 2.332846e+04 2.611457e-06
1.521000e+03 2.274854e+04 2.297585e+04 2.331696e+04 2.668193e-06
1.522000e+03 2.278174e+04 2.295697e+04 2.330538e+04 2.729051e-06
1.523000e+03 2.302502e+04 2.293804e+04 2.329373e+04 2.794244e-06
1.524000e+03 2.298132e+04 2.291906e+04 2.328201e+04 2.864017e-06
1.525000e+03 2.294744e+04 2.290002e+04 2.327023e+04 2.938649e-06
1.526000e+03 2.304053e+04 2.287350e+04 2.325837e+04 3.018450e-06
1.527000e+03 2.295936e+04 2.285435e+04 2.324644e+04 3.103778e-06
1.528000e+03 2.282105e+04 2.282775e+04 2.323445e+04 3.195029e-06
1.529000e+03 2.273091e+04 2.280850e+04 2.322238e+04 3.292649e-06
1.530000e+03 2.259840e+04 2.278182e+04 2.321025e+04 3.397136e-06
1.531000e+03 2.271827e+04 2.275510e+04 2.319804e+04 3.509056e-06
1.532000e+03 2.261889e+04 2.272835e+04 2.318577e+04 3.629036e-06
1.533000e+03 2.256192e+04 2.270157e+04 2.317342e+04 3.757783e-06
1.534000e+03 2.270472e+04 2.267475e+04 2.316101e+04 3.896094e-06
1.535000e+03 2.265678e+04 2.264059e+04 2.314852e+04 4.044869e-06
1.536000e+03 2.250443e+04 2.260642e+04 2.313597e+04 4.205120e-06
1.537000e+03 2.240366e+04 2.257953e+04 2.312335e+04 4.377999e-06
1.538000e+03 2.238425e+04 2.253809e+04 2.311065e+04 4.564811e-06
1.539000e+03 2.234788e+04 2.250392e+04 2.309789e+04 4.767045e-06
1.540000e+03 2.234421e+04 2.246254e+04 2.308506e+04 4.986401e-06
1.541000e+03 2.234192e+04 2.242119e+04 2.307215e+04 5.224828e-06
1.542000e+03 2.222272e+04 2.237988e+04 2.305918e+04 5.484574e-06
1.543000e+03 2.219366e+04 2.233147e+04 2.304614e+04 5.768232e-06
1.544000e+03 2.197179e+04 2.228315e+04 2.303303e+04 6.078812e-06
1.545000e+03 2.204457e+04 2.222783e+04 2.301985e+04 6.419881e-06
1.546000e+03 2.189427e+04 2.217265e+04 2.300660e+04 6.795450e-06
1.547000e+03 2.168387e+04 2.211060e+04 2.299328e+04 7.210405e-06
1.548000e+03 2.164739e+04 2.204178e+04 2.297988e+04 7.670479e-06
1.549000e+03 2.137918e+04 2.197324e+04 2.296642e+04 8.182496e-06
1.550000e+03 2.101212e+04 2.189120e+04 2.295289e+04 8.754631e-06
1.551000e+03 2.085294e+04 2.180276e+04 2.293929e+04 9.396752e-06
1.552000e+03 2.054247e+04 2.170808e+04 2.292563e+04 1.012085e-05
1.553000e+03 2.056764e+04 2.160060e+04 2.291189e+04 1.094161e-05
1.554000e+03 2.041053e+04 2.148733e+04 2.289808e+04 1.187718e-05
1.555000e+03 2.046054e+04 2.135530e+04 2.288420e+04 1.295019e-05
1.556000e+03 2.056625e+04 2.120518e+04 2.287025e+04 1.418912e-05
1.557000e+03 2.059859e+04 2.103773e+04 2.285623e+04 1.563028e-05
1.558000e+03 2.055548e+04 2.084122e+04 2.284215e+04 1.732044e-05
1.559000e+03 2.058831e+04 2.062344e+04 2.282799e+04 1.932071e-05
1.560000e+03 2.058238e+04 2.036775e+04 2.281376e+04 2.171212e-05
1.561000e+03 2.036822e+04 2.006538e+04 2.279946e+04 2.460385e-05
1.562000e+03 2.010153e+04 1.971500e+04 2.278510e+04 2.814575e-05
1.563000e+03 1.985656e+04 1.929491e+04 2.277066e+04 3.254779e-05
1.564000e+03 1.936097e+04 1.879398e+04 2.275616e+04 3.811095e-05
1.565000e+03 1.899707e+04 1.818247e+04 2.274158e+04 4.527809e-05
1.566000e+03 1.843269e+04 1.744374e+04 2.272694e+04 5.472015e-05
1.567000e+03 1.750483e+04 1.653633e+04 2.271222e+04 6.748712e-05
1.568000e+03 1.631453e+04 1.541818e+04 2.269744e+04 8.528075e-05
1.569000e+03 1.472574e+04 1.405374e+04 2.268258e+04 1.109543e-04
1.570000e+03 1.274147e+04 1.240846e+04 2.266766e+04 1.494041e-04
1.571000e+03 1.031820e+04 1.050815e+04 2.265266e+04 2.088674e-04
1.572000e+03 7.735629e+03 8.488750e+03 2.263760e+04 3.012287e-04
1.573000e+03 5.591180e+03 6.641679e+03 2.262247e+04 4.348502e-04
1.574000e+03 4.487340e+03 5.301557e+03 2.260726e+04 5.900359e-04
1.575000e+03 4.482830e+03 4.652240e+03 2.259199e+04 6.969957e-04
1.576000e+03 5.017789e+03 4.728429e+03 2.257665e+04 6.822933e-04
1.577000e+03 6.339480e+03 5.526354e+03 2.256124e+04 5.571697e-04
1.578000e+03 7.782799e+03 6.985911e+03 2.254575e+04 4.025581e-04
1.579000e+03 9.431820e+03 8.877931e+03 2.253020e+04 2.779349e-04
1.580000e+03 1.103800e+04 1.085959e+04 2.251458e+04 1.939932e-04
1.581000e+03 1.227254e+04 1.266843e+04 2.249889e+04 1.401800e-04
1.582000e+03 1.369297e+04 1.420900e+04 2.248313e+04 1.052262e-04
1.583000e+03 1.500108e+04 1.546987e+04 2.246730e+04 8.173876e-05
1.584000e+03 1.598179e+04 1.648503e+04 2.245140e+04 6.537214e-05
1.585000e+03 1.682811e+04 1.730325e+04 2.243543e+04 5.358582e-05
1.586000e+03 1.752672e+04 1.795803e+04 2.241939e+04 4.485445e-05
1.587000e+03 1.819124e+04 1.849247e+04 2.240328e+04 3.822973e-05
1.588000e+03 1.862310e+04 1.892228e+04 2.238710e+04 3.310145e-05
1.589000e+03 1.887257e+04 1.926856e+04 2.237085e+04 2.906436e-05
1.590000e+03 1.936176e+04 1.955457e+04 2.235454e+04 2.584168e-05
1.591000e+03 1.952894e+04 1.979156e+04 2.233815e+04 2.323960e-05
1.592000e+03 1.990988e+04 1.998731e+04 2.232169e+04 2.111943e-05
1.593000e+03 2.013492e+04 2.014510e+04 2.230516e+04 1.938003e-05
1.594000e+03 2.028724e+04 2.027510e+04 2.228856e+04 1.794644e-05
1.595000e+03 2.049367e+04 2.038228e+04 2.227190e+04 1.676225e-05
1.596000e+03 2.044864e+04 2.046583e+04 2.225516e+04 1.578462e-05
1.597000e+03 2.058176e+04 2.053761e+04 2.223835e+04 1.498066e-05
1.598000e+03 2.069647e+04 2.059104e+04 2.222148e+04 1.432500e-05
1.599000e+03 2.075653e+04 2.063211e+04 2.220453e+04 1.379800e-05
1.600000e+03 2.072094e+04 2.065429e+04 2.218752e+04 1.338453e-05
1.601000e+03 2.075942e+04 2.067648e+04 2.217043e+04 1.307301e-05
1.602000e+03 2.070728e+04 2.067957e+04 2.215328e+04 1.285479e-05
1.603000e+03 2.070995e+04 2.068260e+04 2.213605e+04 1.272365e-05
1.604000e+03 2.072790e+04 2.066645e+04 2.211876e+04 1.267548e-05
1.605000e+03 2.060296e+04 2.065022e+04 2.210139e+04 1.270807e-05
1.606000e+03 2.067124e+04 2.062122e+04 2.208396e+04 1.282097e-05
1.607000e+03 2.057272e+04 2.058585e+04 2.206646e+04 1.301541e-05
1.608000e+03 2.058145e+04 2.053785e+04 2.204888e+04 1.329451e-05
1.609000e+03 2.064193e+04 2.048365e+04 2.203124e+04 1.366311e-05
1.610000e+03 2.053499e+04 2.041708e+04 2.201353e+04 1.412817e-05
1.611000e+03 2.058116e+04 2.033835e+04 2.199574e+04 1.469904e-05
1.612000e+03 2.047273e+04 2.025388e+04 2.197789e+04 1.538785e-05
1.613000e+03 2.027401e+04 2.015158e+04 2.195997e+04 1.621013e-05
1.614000e+03 2.028385e+04 2.003801e+04 2.194198e+04 1.718559e-05
1.615000e+03 2.008656e+04 1.990159e+04 2.192392e+04 1.833921e-05
1.616000e+03 1.980840e+04 1.974909e+04 2.190579e+04 1.970273e-05
1.617000e+03 1.968167e+04 1.957547e+04 2.188759e+04 2.131667e-05
1.618000e+03 1.977637e+04 1.937617e+04 2.186932e+04 2.323314e-05
1.619000e+03 1.944145e+04 1.914724e+04 2.185097e+04 2.551981e-05
1.620000e+03 1.915923e+04 1.888003e+04 2.183257e+04 2.826559e-05
1.621000e+03 1.894913e+04 1.856740e+04 2.181409e+04 3.158877e-05
1.622000e+03 1.854707e+04 1.820399e+04 2.179554e+04 3.564927e-05
1.623000e+03 1.806428e+04 1.777696e+04 2.177692e+04 4.066684e-05
1.624000e+03 1.766504e+04 1.726871e+04 2.175823e+04 4.694930e-05
1.625000e+03 1.709598e+04 1.666894e+04 2.173947e+04 5.493693e-05
1.626000e+03 1.647440e+04 1.595620e+04 2.172064e+04 6.527377e-05
1.627000e+03 1.556657e+04 1.510401e+04 2.170174e+04 7.892289e-05
1.628000e+03 1.446408e+04 1.409102e+04 2.168278e+04 9.735543e-05
1.629000e+03 1.313494e+04 1.289529e+04 2.166374e+04 1.228430e-04
1.630000e+03 1.155382e+04 1.151771e+04 2.164463e+04 1.588456e-04
1.631000e+03 9.844879e+03 9.996456e+03 2.162546e+04 2.102524e-04
1.632000e+03 7.902779e+03 8.428369e+03 2.160621e+04 2.825438e-04
1.633000e+03 6.229600e+03 6.983656e+03 2.158689e+04 3.779183e-04
1.634000e+03 5.147369e+03 5.834623e+03 2.156751e+04 4.873073e-04
1.635000e+03 4.614430e+03 5.094154e+03 2.154805e+04 5.837967e-04
1.636000e+03 4.715959e+03 4.796602e+03 2.152853e+04 6.304912e-04
1.637000e+03 5.253980e+03 4.944151e+03 2.150893e+04 6.055588e-04
1.638000e+03 6.242410e+03 5.535778e+03 2.148927e+04 5.209303e-04
1.639000e+03 7.376379e+03 6.548672e+03 2.146953e+04 4.118017e-04
1.640000e+03 8.475600e+03 7.897733e+03 2.144973e+04 3.101103e-04
1.641000e+03 9.787721e+03 9.423167e+03 2.142986e+04 2.302879e-04
1.642000e+03 1.107884e+04 1.094878e+04 2.140991e+04 1.727104e-04
1.643000e+03 1.214288e+04 1.234675e+04 2.138990e+04 1.323137e-04
1.644000e+03 1.315254e+04 1.357048e+04 2.136982e+04 1.038322e-04
1.645000e+03 1.407796e+04 1.461071e+04 2.134966e+04 8.335455e-05
1.646000e+03 1.472444e+04 1.548121e+04 2.132944e+04 6.827514e-05
1.647000e+03 1.547934e+04 1.620372e+04 2.130915e+04 5.690559e-05
1.648000e+03 1.613857e+04 1.680810e+04 2.128879e+04 4.814561e-05
1.649000e+03 1.669192e+04 1.731517e+04 2.126836e+04 4.126493e-05
1.650000e+03 1.726169e+04 1.773678e+04 2.124786e+04 3.576739e-05
1.651000e+03 1.782987e+04 1.809333e+04 2.122728e+04 3.130840e-05
1.652000e+03 1.812619e+04 1.839123e+04 2.120664e+04 2.764329e-05
1.653000e+03 1.826331e+04 1.864534e+04 2.118593e+04 2.459487e-05
1.654000e+03 1.868726e+04 1.886256e+04 2.116515e+04 2.203246e-05
1.655000e+03 1.883732e+04 1.905124e+04 2.114430e+04 1.985807e-05
1.656000e+03 1.916107e+04 1.920941e+04 2.112338e+04 1.799713e-05
1.657000e+03 1.920475e+04 1.934705e+04 2.110239e+04 1.639208e-05
1.658000e+03 1.916241e+04 1.946315e+04 2.108134e+04 1.499799e-05
1.659000e+03 1.941515e+04 1.956882e+04 2.106021e+04 1.377931e-05
1.660000e+03 1.972377e+04 1.965759e+04 2.103901e+04 1.270771e-05
1.661000e+03 1.978622e+04 1.973506e+04 2.101774e+04 1.176032e-05
1.662000e+03 1.992569e+04 1.980090e+04 2.099640e+04 1.091856e-05
1.663000e+03 1.986876e+04 1.985484e+04 2.097499e+04 1.016719e-05
1.664000e+03 2.004113e+04 1.990913e+04 2.095352e+04 9.493639e-06
1.665000e+03 2.024625e+04 1.995120e+04 2.093197e+04 8.887432e-06
1.666000e+03 2.040876e+04 1.998716e+04 2.091035e+04 8.339811e-06
1.667000e+03 2.038691e+04 2.001693e+04 2.088867e+04 7.843392e-06
1.668000e+03 2.046001e+04 2.004679e+04 2.086691e+04 7.391927e-06
1.669000e+03 2.038726e+04 2.007035e+04 2.084509e+04 6.980092e-06
1.670000e+03 2.030380e+04 2.008755e+04 2.082319e+04 6.603329e-06
1.671000e+03 2.039019e+04 2.010476e+04 2.080122e+04 6.257721e-06
1.672000e+03 2.044278e+04 2.011553e+04 2.077919e+04 5.939885e-06
1.673000e+03 2.045536e+04 2.012627e+04 2.075709e+04 5.646883e-06
1.674000e+03 2.041564e+04 2.013698e+04 2.073491e+04 5.376161e-06
1.675000e+03 2.049476e+04 2.014119e+04 2.071267e+04 5.125484e-06
1.676000e+03 2.038056e+04 2.014535e+04 2.069035e+04 4.892892e-06
1.677000e+03 2.030437e+04 2.014944e+04 2.066797e+04 4.676662e-06
1.678000e+03 2.039118e+04 2.014699e+04 2.064552e+04 4.475269e-06
1.679000e+03 2.036014e+04 2.014447e+04 2.062299e+04 4.287364e-06
1.680000e+03 2.050321e+04 2.014188e+04 2.060040e+04 4.111719e-06
1.681000e+03 2.044177e+04 2.013921e+04 2.057774e+04 3.947332e-06
1.682000e+03 2.039353e+04 2.012996e+04 2.055501e+04 3.793215e-06
1.683000e+03 2.036624e+04 2.012714e+04 2.053221e+04 3.648513e-06
1.684000e+03 2.057022e+04 2.011773e+04 2.050933e+04 3.512462e-06
