9.050000e+02 1.648977e+04 1.635338e+04 1.685514e+04 5.544028e-06
9.060000e+02 1.661183e+04 1.636802e+04 1.688644e+04 5.731984e-06
9.070000e+02 1.661842e+04 1.638256e+04 1.691766e+04 5.930279e-06
9.080000e+02 1.649236e+04 1.639178e+04 1.694881e+04 6.139707e-06
9.090000e+02 1.659871e+04 1.640091e+04 1.697989e+04 6.361151e-06
9.100000e+02 1.672828e+04 1.640995e+04 1.701090e+04 6.595577e-06
9.110000e+02 1.678351e+04 1.641889e+04 1.704185e+04 6.844057e-06
9.120000e+02 1.667810e+04 1.642775e+04 1.707272e+04 7.107777e-06
9.130000e+02 1.658719e+04 1.643131e+04 1.710353e+04 7.388053e-06
9.140000e+02 1.657159e+04 1.643479e+04 1.713426e+04 7.686353e-06
9.150000e+02 1.648270e+04 1.643819e+04 1.716492e+04 8.004316e-06
9.160000e+02 1.651582e+04 1.643634e+04 1.719552e+04 8.343768e-06
9.170000e+02 1.648652e+04 1.643442e+04 1.722605e+04 8.706772e-06
9.180000e+02 1.652137e+04 1.642728e+04 1.725650e+04 9.095636e-06
9.190000e+02 1.641754e+04 1.642011e+04 1.728689e+04 9.512974e-06
9.200000e+02 1.665324e+04 1.641290e+04 1.731721e+04 9.961749e-06
9.210000e+02 1.667925e+04 1.640054e+04 1.734746e+04 1.044533e-05
9.220000e+02 1.661493e+04 1.638308e+04 1.737763e+04 1.096755e-05
9.230000e+02 1.650223e+04 1.636565e+04 1.740774e+04 1.153282e-05
9.240000e+02 1.636682e+04 1.633815e+04 1.743778e+04 1.214621e-05
9.250000e+02 1.634703e+04 1.631077e+04 1.746775e+04 1.281356e-05
9.260000e+02 1.638015e+04 1.627851e+04 1.749765e+04 1.354170e-05
9.270000e+02 1.643590e+04 1.623649e+04 1.752748e+04 1.433855e-05
9.280000e+02 1.637913e+04 1.619476e+04 1.755724e+04 1.521354e-05
9.290000e+02 1.626791e+04 1.614355e+04 1.758693e+04 1.617748e-05
9.300000e+02 1.625644e+04 1.608307e+04 1.761655e+04 1.724358e-05
9.310000e+02 1.606606e+04 1.601358e+04 1.764611e+04 1.842747e-05
9.320000e+02 1.595718e+04 1.593537e+04 1.767559e+04 1.974805e-05
9.330000e+02 1.573113e+04 1.584407e+04 1.770500e+04 2.122829e-05
9.340000e+02 1.555890e+04 1.574021e+04 1.773435e+04 2.289637e-05
9.350000e+02 1.560073e+04 1.561982e+04 1.776362e+04 2.478714e-05
9.360000e+02 1.549682e+04 1.548379e+04 1.779282e+04 2.694427e-05
9.370000e+02 1.523820e+04 1.532436e+04 1.782196e+04 2.942307e-05
9.380000e+02 1.496310e+04 1.514314e+04 1.785102e+04 3.229483e-05
9.390000e+02 1.495847e+04 1.493368e+04 1.788002e+04 3.565251e-05
9.400000e+02 1.469434e+04 1.468669e+04 1.790895e+04 3.961929e-05
9.410000e+02 1.434396e+04 1.440251e+04 1.793780e+04 4.436272e-05
9.420000e+02 1.408076e+04 1.406424e+04 1.796659e+04 5.011498e-05
9.430000e+02 1.378468e+04 1.366670e+04 1.799531e+04 5.720876e-05
9.440000e+02 1.319985e+04 1.319261e+04 1.802396e+04 6.613557e-05
9.450000e+02 1.267913e+04 1.262511e+04 1.805254e+04 7.765251e-05
9.460000e+02 1.194615e+04 1.193719e+04 1.808104e+04 9.296968e-05
9.470000e+02 1.120431e+04 1.110007e+04 1.810948e+04 1.140870e-04
9.480000e+02 1.025127e+04 1.008361e+04 1.813785e+04 1.443318e-04
9.490000e+02 8.977639e+03 8.878040e+03 1.816615e+04 1.890899e-04
9.500000e+02 7.495609e+03 7.521437e+03 1.819438e+04 2.564322e-04
9.510000e+02 5.843639e+03 6.126057e+03 1.822254e+04 3.568379e-04
9.520000e+02 4.505660e+03 4.840539e+03 1.825064e+04 5.007278e-04
9.530000e+02 3.899770e+03 3.782006e+03 1.827866e+04 6.928242e-04
9.540000e+02 3.370309e+03 2.994783e+03 1.830661e+04 9.243031e-04
9.550000e+02 2.645350e+03 2.459584e+03 1.833449e+04 1.166936e-03
9.560000e+02 1.992820e+03 2.133728e+03 1.836231e+04 1.375256e-03
9.570000e+02 1.575320e+03 1.978569e+03 1.839005e+04 1.499930e-03
9.580000e+02 1.549109e+03 1.972305e+03 1.841773e+04 1.507794e-03
9.590000e+02 1.832279e+03 2.113477e+03 1.844533e+04 1.397292e-03
9.600000e+02 2.437189e+03 2.420197e+03 1.847287e+04 1.199269e-03
9.610000e+02 3.213449e+03 2.925118e+03 1.850033e+04 9.625891e-04
9.620000e+02 4.071219e+03 3.661096e+03 1.852773e+04 7.340208e-04
9.630000e+02 5.002340e+03 4.628075e+03 1.855505e+04 5.439405e-04
9.640000e+02 5.892869e+03 5.751352e+03 1.858231e+04 4.032095e-04
9.650000e+02 6.752090e+03 6.872839e+03 1.860950e+04 3.086207e-04
9.660000e+02 7.381350e+03 7.803231e+03 1.863662e+04 2.509306e-04
9.670000e+02 7.951270e+03 8.394357e+03 1.866367e+04 2.210732e-04
9.680000e+02 8.388420e+03 8.569255e+03 1.869064e+04 2.134768e-04
9.690000e+02 8.282090e+03 8.282175e+03 1.871755e+04 2.277414e-04
9.700000e+02 7.730740e+03 7.501222e+03 1.874439e+04 2.708937e-04
9.710000e+02 6.317059e+03 6.244693e+03 1.877116e+04 3.625363e-04
9.720000e+02 4.644580e+03 4.727541e+03 1.879786e+04 5.379541e-04
9.730000e+02 3.432199e+03 3.542596e+03 1.882450e+04 7.797801e-04
9.740000e+02 3.398760e+03 3.379720e+03 1.885106e+04 8.275125e-04
9.750000e+02 4.178859e+03 4.278610e+03 1.887755e+04 6.167649e-04
9.760000e+02 5.361539e+03 5.510477e+03 1.890397e+04 4.392341e-04
9.770000e+02 6.283559e+03 6.343594e+03 1.893032e+04 3.585982e-04
9.780000e+02 6.795510e+03 6.527033e+03 1.895661e+04 3.441778e-04
9.790000e+02 6.591590e+03 6.122252e+03 1.898282e+04 3.796533e-04
9.800000e+02 5.694600e+03 5.307800e+03 1.900896e+04 4.665361e-04
9.810000e+02 4.223430e+03 4.321415e+03 1.903504e+04 6.154180e-04
9.820000e+02 3.011979e+03 3.441388e+03 1.906104e+04 8.204650e-04
9.830000e+02 2.583109e+03 2.933704e+03 1.908698e+04 9.954233e-04
9.840000e+02 2.782309e+03 2.966107e+03 1.911285e+04 9.841101e-04
9.850000e+02 3.596840e+03 3.559285e+03 1.913864e+04 7.912093e-04
9.860000e+02 4.630859e+03 4.599146e+03 1.916437e+04 5.724094e-04
9.870000e+02 6.067719e+03 5.899683e+03 1.919003e+04 4.071174e-04
9.880000e+02 7.361379e+03 7.284869e+03 1.921562e+04 2.960050e-04
9.890000e+02 8.752920e+03 8.628478e+03 1.924113e+04 2.222781e-04
9.900000e+02 9.919879e+03 9.864359e+03 1.926658e+04 1.722808e-04
9.910000e+02 1.111926e+04 1.096249e+04 1.929196e+04 1.373076e-04
9.920000e+02 1.199014e+04 1.192235e+04 1.931727e+04 1.120667e-04
9.930000e+02 1.274950e+04 1.275335e+04 1.934251e+04 9.332023e-05
9.940000e+02 1.332412e+04 1.347336e+04 1.936768e+04 7.903948e-05
9.950000e+02 1.399015e+04 1.409581e+04 1.939278e+04 6.791660e-05
9.960000e+02 1.458446e+04 1.463336e+04 1.941781e+04 5.908405e-05
9.970000e+02 1.516239e+04 1.509891e+04 1.944278e+04 5.195072e-05
9.980000e+02 1.547825e+04 1.551170e+04 1.946767e+04 4.610370e-05
9.990000e+02 1.576550e+04 1.586939e+04 1.949249e+04 4.124815e-05
1.000000e+03 1.602892e+04 1.618516e+04 1.951724e+04 3.716913e-05
1.001000e+03 1.632063e+04 1.646694e+04 1.954193e+04 3.370716e-05
1.002000e+03 1.669502e+04 1.672010e+04 1.956654e+04 3.074185e-05
1.003000e+03 1.679838e+04 1.694651e+04 1.959109e+04 2.818100e-05
1.004000e+03 1.705428e+04 1.715371e+04 1.961556e+04 2.595305e-05
1.005000e+03 1.728426e+04 1.733510e+04 1.963997e+04 2.400173e-05
1.006000e+03 1.738042e+04 1.750441e+04 1.966430e+04 2.228230e-05
1.007000e+03 1.757309e+04 1.766086e+04 1.968857e+04 2.075883e-05
1.008000e+03 1.765854e+04 1.779845e+04 1.971277e+04 1.940220e-05
1.009000e+03 1.776116e+04 1.793241e+04 1.973689e+04 1.818856e-05
1.010000e+03 1.792334e+04 1.805167e+04 1.976095e+04 1.709826e-05
1.011000e+03 1.794537e+04 1.816666e+04 1.978494e+04 1.611497e-05
1.012000e+03 1.799790e+04 1.827165e+04 1.980886e+04 1.522502e-05
1.013000e+03 1.810738e+04 1.836631e+04 1.983271e+04 1.441692e-05
1.014000e+03 1.819547e+04 1.845600e+04 1.985649e+04 1.368092e-05
1.015000e+03 1.810756e+04 1.854628e+04 1.988020e+04 1.300870e-05
1.016000e+03 1.834241e+04 1.862567e+04 1.990384e+04 1.239317e-05
1.017000e+03 1.845386e+04 1.870547e+04 1.992741e+04 1.182822e-05
1.018000e+03 1.868756e+04 1.877405e+04 1.995091e+04 1.130855e-05
1.019000e+03 1.876671e+04 1.884290e+04 1.997434e+04 1.082957e-05
1.020000e+03 1.872103e+04 1.891202e+04 1.999770e+04 1.038720e-05
1.021000e+03 1.866677e+04 1.897550e+04 2.002100e+04 9.978120e-06
1.022000e+03 1.887844e+04 1.903322e+04 2.004422e+04 9.599166e-06
1.023000e+03 1.897644e+04 1.909109e+04 2.006737e+04 9.247271e-06
1.024000e+03 1.893254e+04 1.914309e+04 2.009046e+04 8.920815e-06
1.025000e+03 1.899791e+04 1.919519e+04 2.011347e+04 8.617279e-06
1.026000e+03 1.908050e+04 1.924739e+04 2.013642e+04 8.334788e-06
1.027000e+03 1.918618e+04 1.929969e+04 2.015929e+04 8.071667e-06
1.028000e+03 1.922652e+04 1.934596e+04 2.018210e+04 7.826438e-06
1.029000e+03 1.926287e+04 1.939229e+04 2.020483e+04 7.597768e-06
1.030000e+03 1.919444e+04 1.943250e+04 2.022750e+04 7.384469e-06
1.031000e+03 1.918855e+04 1.947273e+04 2.025010e+04 7.185481e-06
1.032000e+03 1.913807e+04 1.951916e+04 2.027263e+04 6.999851e-06
1.033000e+03 1.920086e+04 1.955321e+04 2.029508e+04 6.826730e-06
1.034000e+03 1.928796e+04 1.959346e+04 2.031747e+04 6.665357e-06
1.035000e+03 1.930179e+04 1.963373e+04 2.033979e+04 6.515051e-06
1.036000e+03 1.943247e+04 1.966773e+04 2.036204e+04 6.375204e-06
1.037000e+03 1.943865e+04 1.970171e+04 2.038422e+04 6.245281e-06
1.038000e+03 1.942422e+04 1.973567e+04 2.040633e+04 6.124807e-06
1.039000e+03 1.937892e+04 1.976960e+04 2.042837e+04 6.013365e-06
1.040000e+03 1.957615e+04 1.980351e+04 2.045034e+04 5.910600e-06
1.041000e+03 1.975115e+04 1.983106e+04 2.047224e+04 5.816204e-06
1.042000e+03 1.983633e+04 1.986490e+04 2.049408e+04 5.729931e-06
1.043000e+03 1.985655e+04 1.989236e+04 2.051584e+04 5.651581e-06
1.044000e+03 1.980665e+04 1.991976e+04 2.053753e+04 5.581013e-06
1.045000e+03 1.977715e+04 1.994712e+04 2.055915e+04 5.518145e-06
1.046000e+03 1.962466e+04 1.997443e+04 2.058071e+04 5.462939e-06
1.047000e+03 1.979623e+04 2.000168e+04 2.060219e+04 5.415466e-06
1.048000e+03 1.993131e+04 2.002889e+04 2.062361e+04 5.375849e-06
1.049000e+03 2.000502e+04 2.004962e+04 2.064495e+04 5.344285e-06
1.050000e+03 2.000764e+04 2.007671e+04 2.066623e+04 5.321107e-06
1.051000e+03 2.009963e+04 2.009731e+04 2.068744e+04 5.306773e-06
1.052000e+03 2.014898e+04 2.011785e+04 2.070857e+04 5.301913e-06
1.053000e+03 1.994695e+04 2.013831e+04 2.072964e+04 5.307367e-06
1.054000e+03 1.998073e+04 2.015871e+04 2.075064e+04 5.324268e-06
1.055000e+03 2.009890e+04 2.017258e+04 2.077156e+04 5.354136e-06
1.056000e+03 2.026898e+04 2.018637e+04 2.079242e+04 5.399024e-06
1.057000e+03 2.022998e+04 2.020008e+04 2.081321e+04 5.461753e-06
1.058000e+03 2.028198e+04 2.021371e+04 2.083393e+04 5.546258e-06
1.059000e+03 2.016553e+04 2.022080e+04 2.085458e+04 5.658166e-06
1.060000e+03 2.025567e+04 2.022782e+04 2.087516e+04 5.805765e-06
1.061000e+03 2.032548e+04 2.022183e+04 2.089567e+04 6.001731e-06
1.062000e+03 2.039684e+04 2.021580e+04 2.091611e+04 6.266372e-06
1.063000e+03 2.046311e+04 2.019684e+04 2.093648e+04 6.634345e-06
1.064000e+03 2.057618e+04 2.015869e+04 2.095679e+04 7.169810e-06
1.065000e+03 2.044108e+04 2.008889e+04 2.097702e+04 8.002926e-06
1.066000e+03 2.012601e+04 1.995687e+04 2.099718e+04 9.414886e-06
1.067000e+03 1.983495e+04 1.971020e+04 2.101728e+04 1.199251e-05
1.068000e+03 1.932964e+04 1.925243e+04 2.103730e+04 1.674452e-05
1.069000e+03 1.852884e+04 1.852134e+04 2.105725e+04 2.473969e-05
1.070000e+03 1.754193e+04 1.759427e+04 2.107714e+04 3.576584e-05
1.071000e+03 1.651858e+04 1.675704e+04 2.109695e+04 4.676891e-05
1.072000e+03 1.621066e+04 1.635694e+04 2.111670e+04 5.259442e-05
1.073000e+03 1.676919e+04 1.655838e+04 2.113638e+04 4.993037e-05
1.074000e+03 1.737796e+04 1.728404e+04 2.115598e+04 4.048959e-05
1.075000e+03 1.828315e+04 1.821828e+04 2.117552e+04 2.934584e-05
1.076000e+03 1.901963e+04 1.902339e+04 2.119498e+04 2.064387e-05
1.077000e+03 1.923207e+04 1.952058e+04 2.121438e+04 1.566995e-05
1.078000e+03 1.933911e+04 1.969984e+04 2.123371e+04 1.406902e-05
1.079000e+03 1.923550e+04 1.957392e+04 2.125297e+04 1.550468e-05
1.080000e+03 1.881410e+04 1.917784e+04 2.127216e+04 1.972396e-05
1.081000e+03 1.843622e+04 1.868922e+04 2.129128e+04 2.517683e-05
1.082000e+03 1.858822e+04 1.840217e+04 2.131033e+04 2.855993e-05
1.083000e+03 1.882541e+04 1.852942e+04 2.132931e+04 2.729812e-05
1.084000e+03 1.918532e+04 1.900337e+04 2.134822e+04 2.229685e-05
1.085000e+03 1.949277e+04 1.954832e+04 2.136706e+04 1.681501e-05
1.086000e+03 1.994633e+04 1.993862e+04 2.138583e+04 1.313527e-05
1.087000e+03 2.014766e+04 2.012943e+04 2.140454e+04 1.143157e-05
1.088000e+03 2.020058e+04 2.020337e+04 2.142317e+04 1.093727e-05
1.089000e+03 2.033785e+04 2.020830e+04 2.144173e+04 1.101903e-05
1.090000e+03 2.018052e+04 2.018807e+04 2.146023e+04 1.138102e-05
1.091000e+03 2.021379e+04 2.014912e+04 2.147865e+04 1.192034e-05
1.092000e+03 2.027156e+04 2.009171e+04 2.149700e+04 1.260975e-05
1.093000e+03 2.009964e+04 2.002236e+04 2.151529e+04 1.345087e-05
1.094000e+03 1.992010e+04 1.993526e+04 2.153351e+04 1.446024e-05
1.095000e+03 1.966050e+04 1.983092e+04 2.155165e+04 1.566615e-05
1.096000e+03 1.956583e+04 1.970399e+04 2.156973e+04 1.710923e-05
1.097000e+03 1.954260e+04 1.954957e+04 2.158773e+04 1.884571e-05
1.098000e+03 1.933909e+04 1.935761e+04 2.160567e+04 2.095254e-05
1.099000e+03 1.925458e+04 1.913046e+04 2.162354e+04 2.353562e-05
1.100000e+03 1.897913e+04 1.884911e+04 2.164134e+04 2.674221e-05
1.101000e+03 1.878782e+04 1.850821e+04 2.165907e+04 3.077900e-05
1.102000e+03 1.817524e+04 1.807984e+04 2.167672e+04 3.593825e-05
1.103000e+03 1.760329e+04 1.755352e+04 2.169431e+04 4.263094e-05
1.104000e+03 1.683137e+04 1.689999e+04 2.171183e+04 5.141991e-05
1.105000e+03 1.619677e+04 1.611092e+04 2.172929e+04 6.302518e-05
1.106000e+03 1.528214e+04 1.517361e+04 2.174667e+04 7.823871e-05
1.107000e+03 1.422753e+04 1.412864e+04 2.176398e+04 9.765173e-05
1.108000e+03 1.298697e+04 1.303948e+04 2.178122e+04 1.211244e-04
1.109000e+03 1.197231e+04 1.201508e+04 2.179839e+04 1.471040e-04
1.110000e+03 1.087026e+04 1.117127e+04 2.181549e+04 1.722109e-04
1.111000e+03 1.037842e+04 1.059468e+04 2.183253e+04 1.916879e-04
1.112000e+03 1.013305e+04 1.034617e+04 2.184949e+04 2.009571e-04
1.113000e+03 1.055794e+04 1.044555e+04 2.186638e+04 1.976373e-04
1.114000e+03 1.107513e+04 1.088058e+04 2.188321e+04 1.827350e-04
1.115000e+03 1.199244e+04 1.161077e+04 2.189996e+04 1.601336e-04
1.116000e+03 1.283514e+04 1.255279e+04 2.191665e+04 1.347654e-04
1.117000e+03 1.364097e+04 1.359782e+04 2.193327e+04 1.107261e-04
1.118000e+03 1.448166e+04 1.463160e+04 2.194981e+04 9.034057e-05
1.119000e+03 1.543740e+04 1.556694e+04 2.196629e+04 7.427883e-05
1.120000e+03 1.608531e+04 1.635482e+04 2.198270e+04 6.219433e-05
1.121000e+03 1.678588e+04 1.698397e+04 2.199903e+04 5.334842e-05
1.122000e+03 1.724195e+04 1.747274e+04 2.201530e+04 4.699044e-05
1.123000e+03 1.769204e+04 1.783587e+04 2.203150e+04 4.251076e-05
1.124000e+03 1.791201e+04 1.809541e+04 2.204763e+04 3.946494e-05
1.125000e+03 1.805852e+04 1.826688e+04 2.206369e+04 3.754897e-05
1.126000e+03 1.812697e+04 1.836540e+04 2.207968e+04 3.656627e-05
1.127000e+03 1.838500e+04 1.838873e+04 2.209560e+04 3.640157e-05
1.128000e+03 1.841983e+04 1.835154e+04 2.211145e+04 3.700333e-05
1.129000e+03 1.841969e+04 1.824970e+04 2.212723e+04 3.837522e-05
1.130000e+03 1.824697e+04 1.808062e+04 2.214294e+04 4.057460e-05
1.131000e+03 1.804183e+04 1.784343e+04 2.215858e+04 4.371880e-05
1.132000e+03 1.793434e+04 1.752082e+04 2.217416e+04 4.799941e-05
1.133000e+03 1.739055e+04 1.710500e+04 2.218966e+04 5.370906e-05
1.134000e+03 1.697668e+04 1.658133e+04 2.220509e+04 6.128573e-05
1.135000e+03 1.637525e+04 1.592580e+04 2.222046e+04 7.138501e-05
1.136000e+03 1.562228e+04 1.512151e+04 2.223575e+04 8.499804e-05
1.137000e+03 1.461972e+04 1.413893e+04 2.225097e+04 1.036371e-04
1.138000e+03 1.337066e+04 1.296612e+04 2.226613e+04 1.296033e-04
1.139000e+03 1.172282e+04 1.160584e+04 2.228122e+04 1.662705e-04
1.140000e+03 9.759320e+03 1.010616e+04 2.229623e+04 2.180166e-04
1.141000e+03 8.050520e+03 8.588416e+03 2.231118e+04 2.887543e-04
1.142000e+03 6.522139e+03 7.228187e+03 2.232606e+04 3.775167e-04
1.143000e+03 5.682299e+03 6.189119e+03 2.234086e+04 4.716600e-04
1.144000e+03 5.351059e+03 5.570980e+03 2.235560e+04 5.445491e-04
1.145000e+03 5.493398e+03 5.406609e+03 2.237027e+04 5.671395e-04
1.146000e+03 6.084420e+03 5.700600e+03 2.238487e+04 5.290032e-04
1.147000e+03 7.012660e+03 6.447538e+03 2.239940e+04 4.471493e-04
1.148000e+03 8.118898e+03 7.605105e+03 2.241386e+04 3.519360e-04
1.149000e+03 9.401139e+03 9.056758e+03 2.242825e+04 2.668122e-04
1.150000e+03 1.080158e+04 1.063198e+04 2.244257e+04 2.007902e-04
1.151000e+03 1.214612e+04 1.216127e+04 2.245682e+04 1.529463e-04
1.152000e+03 1.334834e+04 1.354876e+04 2.247100e+04 1.189587e-04
1.153000e+03 1.449585e+04 1.475479e+04 2.248511e+04 9.464462e-05
1.154000e+03 1.534982e+04 1.578221e+04 2.249916e+04 7.691942e-05
1.155000e+03 1.612268e+04 1.664324e+04 2.251313e+04 6.370612e-05
1.156000e+03 1.688190e+04 1.736948e+04 2.252703e+04 5.363738e-05
1.157000e+03 1.751801e+04 1.797930e+04 2.254087e+04 4.580866e-05
1.158000e+03 1.815695e+04 1.849651e+04 2.255463e+04 3.961040e-05
1.159000e+03 1.861377e+04 1.893815e+04 2.256832e+04 3.462358e-05
1.160000e+03 1.904273e+04 1.931317e+04 2.258195e+04 3.055392e-05
1.161000e+03 1.943529e+04 1.964066e+04 2.259551e+04 2.719053e-05
1.162000e+03 1.986383e+04 1.992089e+04 2.260899e+04 2.437940e-05
1.163000e+03 2.016055e+04 2.016721e+04 2.262241e+04 2.200610e-05
1.164000e+03 2.023398e+04 2.038294e+04 2.263575e+04 1.998429e-05
1.165000e+03 2.064290e+04 2.057213e+04 2.264903e+04 1.824785e-05
1.166000e+03 2.076385e+04 2.073951e+04 2.266224e+04 1.674551e-05
1.167000e+03 2.093049e+04 2.089029e+04 2.267538e+04 1.543702e-05
1.168000e+03 2.093081e+04 2.102375e+04 2.268845e+04 1.429045e-05
1.169000e+03 2.111630e+04 2.114569e+04 2.270145e+04 1.328019e-05
1.170000e+03 2.129913e+04 2.125572e+04 2.271438e+04 1.238553e-05
1.171000e+03 2.148705e+04 2.136008e+04 2.272724e+04 1.158958e-05
1.172000e+03 2.172482e+04 2.144525e+04 2.274003e+04 1.087845e-05
1.173000e+03 2.186383e+04 2.153093e+04 2.275275e+04 1.024064e-05
1.174000e+03 2.197132e+04 2.161038e+04 2.276540e+04 9.666550e-06
1.175000e+03 2.201109e+04 2.168344e+04 2.277798e+04 9.148140e-06
1.176000e+03 2.187458e+04 2.174315e+04 2.279049e+04 8.678621e-06
1.177000e+03 2.191386e+04 2.180994e+04 2.280294e+04 8.252235e-06
1.178000e+03 2.193863e+04 2.186317e+04 2.281531e+04 7.864066e-06
1.179000e+03 2.191260e+04 2.191654e+04 2.282761e+04 7.509927e-06
1.180000e+03 2.194321e+04 2.196306e+04 2.283985e+04 7.186199e-06
1.181000e+03 2.217458e+04 2.200968e+04 2.285201e+04 6.889770e-06
1.182000e+03 2.206018e+04 2.205637e+04 2.286411e+04 6.617941e-06
1.183000e+03 2.198020e+04 2.209610e+04 2.287613e+04 6.368376e-06
1.184000e+03 2.189724e+04 2.213586e+04 2.288809e+04 6.139042e-06
1.185000e+03 2.213988e+04 2.217566e+04 2.289997e+04 5.928167e-06
1.186000e+03 2.220731e+04 2.220839e+04 2.291179e+04 5.734213e-06
1.187000e+03 2.240631e+04 2.224112e+04 2.292354e+04 5.555837e-06
1.188000e+03 2.221590e+04 2.227384e+04 2.293522e+04 5.391876e-06
1.189000e+03 2.236474e+04 2.229940e+04 2.294682e+04 5.241292e-06
1.190000e+03 2.249148e+04 2.232493e+04 2.295836e+04 5.103285e-06
1.191000e+03 2.245084e+04 2.235042e+04 2.296983e+04 4.977088e-06
1.192000e+03 2.252306e+04 2.237588e+04 2.298123e+04 4.862088e-06
1.193000e+03 2.263418e+04 2.240130e+04 2.299256e+04 4.757797e-06
1.194000e+03 2.260983e+04 2.242669e+04 2.300382e+04 4.663838e-06
1.195000e+03 2.248884e+04 2.244482e+04 2.301501e+04 4.579950e-06
1.196000e+03 2.260255e+04 2.246289e+04 2.302613e+04 4.506006e-06
1.197000e+03 2.268870e+04 2.248091e+04 2.303719e+04 4.442011e-06
1.198000e+03 2.267790e+04 2.249887e+04 2.304817e+04 4.388136e-06
1.199000e+03 2.276044e+04 2.251678e+04 2.305908e+04 4.344734e-06
1.200000e+03 2.268430e+04 2.253463e+04 2.306992e+04 4.312406e-06
1.201000e+03 2.263570e+04 2.254515e+04 2.308070e+04 4.292060e-06
1.202000e+03 2.272466e+04 2.255560e+04 2.309140e+04 4.285039e-06
1.203000e+03 2.276438e+04 2.256599e+04 2.310204e+04 4.293291e-06
1.204000e+03 2.267525e+04 2.257631e+04 2.311260e+04 4.319688e-06
1.205000e+03 2.270626e+04 2.257929e+04 2.312310e+04 4.368579e-06
1.206000e+03 2.264084e+04 2.257492e+04 2.313352e+04 4.446717e-06
1.207000e+03 2.247402e+04 2.257049e+04 2.314388e+04 4.564947e-06
1.208000e+03 2.242332e+04 2.255875e+04 2.315416e+04 4.741031e-06
1.209000e+03 2.236167e+04 2.253973e+04 2.316438e+04 5.004165e-06
1.210000e+03 2.245331e+04 2.249904e+04 2.317453e+04 5.401448e-06
1.211000e+03 2.245033e+04 2.243696e+04 2.318461e+04 6.005845e-06
1.212000e+03 2.221070e+04 2.233965e+04 2.319462e+04 6.923410e-06
1.213000e+03 2.217934e+04 2.218707e+04 2.320455e+04 8.295073e-06
1.214000e+03 2.196433e+04 2.196096e+04 2.321442e+04 1.028587e-05
1.215000e+03 2.179425e+04 2.165927e+04 2.322422e+04 1.305428e-05
1.216000e+03 2.128583e+04 2.126914e+04 2.323396e+04 1.669883e-05
1.217000e+03 2.089141e+04 2.080667e+04 2.324362e+04 2.118920e-05
1.218000e+03 2.042002e+04 2.029967e+04 2.325321e+04 2.630292e-05
1.219000e+03 1.982647e+04 1.980043e+04 2.326273e+04 3.159926e-05
1.220000e+03 1.926538e+04 1.936261e+04 2.327218e+04 3.645632e-05
1.221000e+03 1.884066e+04 1.904627e+04 2.328156e+04 4.018571e-05
1.222000e+03 1.876793e+04 1.888062e+04 2.329088e+04 4.219456e-05
1.223000e+03 1.878179e+04 1.889317e+04 2.330012e+04 4.214558e-05
1.224000e+03 1.912374e+04 1.907925e+04 2.330929e+04 4.005539e-05
1.225000e+03 1.964271e+04 1.941705e+04 2.331840e+04 3.628969e-05
1.226000e+03 2.003315e+04 1.986666e+04 2.332743e+04 3.145745e-05
1.227000e+03 2.041569e+04 2.037817e+04 2.333640e+04 2.624828e-05
1.228000e+03 2.100081e+04 2.088535e+04 2.334529e+04 2.127265e-05
1.229000e+03 2.127906e+04 2.135334e+04 2.335412e+04 1.695386e-05
1.230000e+03 2.172018e+04 2.174175e+04 2.336288e+04 1.349690e-05
1.231000e+03 2.183516e+04 2.204082e+04 2.337156e+04 1.091934e-05
1.232000e+03 2.203841e+04 2.225670e+04 2.338018e+04 9.116247e-06
1.233000e+03 2.209297e+04 2.240558e+04 2.338873e+04 7.928415e-06
1.234000e+03 2.233375e+04 2.249903e+04 2.339721e+04 7.193909e-06
1.235000e+03 2.235322e+04 2.255721e+04 2.340562e+04 6.776839e-06
1.236000e+03 2.240247e+04 2.259398e+04 2.341396e+04 6.576776e-06
1.237000e+03 2.256002e+04 2.260916e+04 2.342222e+04 6.526312e-06
1.238000e+03 2.268457e+04 2.260988e+04 2.343043e+04 6.583718e-06
1.239000e+03 2.261892e+04 2.259614e+04 2.343856e+04 6.725209e-06
1.240000e+03 2.252757e+04 2.258236e+04 2.344662e+04 6.938787e-06
1.241000e+03 2.258727e+04 2.255422e+04 2.345461e+04 7.220095e-06
1.242000e+03 2.260204e+04 2.251898e+04 2.346253e+04 7.570010e-06
1.243000e+03 2.259972e+04 2.247669e+04 2.347038e+04 7.993394e-06
1.244000e+03 2.265391e+04 2.242039e+04 2.347817e+04 8.498690e-06
1.245000e+03 2.278782e+04 2.235732e+04 2.348588e+04 9.098041e-06
1.246000e+03 2.254633e+04 2.228062e+04 2.349352e+04 9.807926e-06
1.247000e+03 2.226554e+04 2.219060e+04 2.350110e+04 1.065018e-05
1.248000e+03 2.219547e+04 2.208075e+04 2.350860e+04 1.165370e-05
1.249000e+03 2.229855e+04 2.195168e+04 2.351604e+04 1.285682e-05
1.250000e+03 2.197255e+04 2.179744e+04 2.352340e+04 1.431104e-05
1.251000e+03 2.181673e+04 2.160604e+04 2.353070e+04 1.608647e-05
1.252000e+03 2.174945e+04 2.137311e+04 2.353793e+04 1.828029e-05
1.253000e+03 2.146874e+04 2.108899e+04 2.354508e+04 2.103020e-05
1.254000e+03 2.115081e+04 2.073385e+04 2.355217e+04 2.453568e-05
1.255000e+03 2.071433e+04 2.029210e+04 2.355919e+04 2.909462e-05
1.256000e+03 2.011761e+04 1.972631e+04 2.356613e+04 3.516575e-05
1.257000e+03 1.953673e+04 1.900261e+04 2.357301e+04 4.348018e-05
1.258000e+03 1.861774e+04 1.805721e+04 2.357982e+04 5.524201e-05
1.259000e+03 1.730402e+04 1.683326e+04 2.358656e+04 7.247306e-05
1.260000e+03 1.555118e+04 1.527036e+04 2.359323e+04 9.849095e-05
1.261000e+03 1.337814e+04 1.337530e+04 2.359983e+04 1.381053e-04
1.262000e+03 1.086244e+04 1.132314e+04 2.360637e+04 1.960637e-04
1.263000e+03 8.578520e+03 9.434548e+03 2.361283e+04 2.715731e-04
1.264000e+03 7.269059e+03 8.038384e+03 2.361922e+04 3.502810e-04
1.265000e+03 6.978090e+03 7.304805e+03 2.362554e+04 4.037733e-04
1.266000e+03 7.576809e+03 7.276307e+03 2.363179e+04 4.062357e-04
1.267000e+03 8.594389e+03 7.953675e+03 2.363798e+04 3.563616e-04
1.268000e+03 1.018807e+04 9.303549e+03 2.364409e+04 2.785701e-04
1.269000e+03 1.175052e+04 1.116914e+04 2.365013e+04 2.019503e-04
1.270000e+03 1.334506e+04 1.323397e+04 2.365611e+04 1.422719e-04
1.271000e+03 1.489513e+04 1.516590e+04 2.366201e+04 1.012016e-04
1.272000e+03 1.634670e+04 1.677672e+04 2.366785e+04 7.418892e-05
1.273000e+03 1.754670e+04 1.804696e+04 2.367362e+04 5.632530e-05
1.274000e+03 1.843410e+04 1.902757e+04 2.367931e+04 4.416008e-05
1.275000e+03 1.904847e+04 1.978750e+04 2.368494e+04 3.557856e-05
1.276000e+03 1.959953e+04 2.038203e+04 2.369050e+04 2.932140e-05
1.277000e+03 2.009628e+04 2.085439e+04 2.369598e+04 2.462594e-05
1.278000e+03 2.070426e+04 2.122900e+04 2.370140e+04 2.101501e-05
1.279000e+03 2.113612e+04 2.153932e+04 2.370675e+04 1.817941e-05
1.280000e+03 2.153718e+04 2.179235e+04 2.371203e+04 1.591263e-05
1.281000e+03 2.185693e+04 2.200396e+04 2.371724e+04 1.407229e-05
1.282000e+03 2.199242e+04 2.217845e+04 2.372238e+04 1.255792e-05
1.283000e+03 2.234871e+04 2.232782e+04 2.372745e+04 1.129700e-05
1.284000e+03 2.259292e+04 2.245803e+04 2.373245e+04 1.023612e-05
1.285000e+03 2.278055e+04 2.256838e+04 2.373738e+04 9.335257e-06
1.286000e+03 2.262177e+04 2.266543e+04 2.374224e+04 8.563922e-06
1.287000e+03 2.280228e+04 2.274882e+04 2.374704e+04 7.898584e-06
1.288000e+03 2.294674e+04 2.282548e+04 2.375176e+04 7.320837e-06
1.289000e+03 2.299357e+04 2.289529e+04 2.375641e+04 6.816128e-06
1.290000e+03 2.297257e+04 2.295079e+04 2.376099e+04 6.372815e-06
1.291000e+03 2.294655e+04 2.300647e+04 2.376551e+04 5.981507e-06
1.292000e+03 2.304591e+04 2.304758e+04 2.376995e+04 5.634557e-06
1.293000e+03 2.313134e+04 2.309615e+04 2.377433e+04 5.325689e-06
1.294000e+03 2.337406e+04 2.312999e+04 2.377863e+04 5.049712e-06
1.295000e+03 2.350163e+04 2.316384e+04 2.378287e+04 4.802305e-06
1.296000e+03 2.349969e+04 2.319772e+04 2.378704e+04 4.579850e-06
1.297000e+03 2.341277e+04 2.323161e+04 2.379113e+04 4.379296e-06
1.298000e+03 2.334202e+04 2.325802e+04 2.379516e+04 4.198058e-06
1.299000e+03 2.328759e+04 2.327690e+04 2.379912e+04 4.033935e-06
1.300000e+03 2.337718e+04 2.330327e+04 2.380300e+04 3.885045e-06
1.301000e+03 2.335218e+04 2.332207e+04 2.380682e+04 3.749768e-06
1.302000e+03 2.340735e+04 2.334083e+04 2.381057e+04 3.626711e-06
1.303000e+03 2.324575e+04 2.335954e+04 2.381425e+04 3.514665e-06
1.304000e+03 2.331363e+04 2.337822e+04 2.381786e+04 3.412581e-06
1.305000e+03 2.334732e+04 2.338927e+04 2.382140e+04 3.319544e-06
1.306000e+03 2.336458e+04 2.340784e+04 2.382487e+04 3.234758e-06
1.307000e+03 2.343198e+04 2.341877e+04 2.382827e+04 3.157523e-06
1.308000e+03 2.361057e+04 2.342964e+04 2.383161e+04 3.087227e-06
1.309000e+03 2.367396e+04 2.344046e+04 2.383487e+04 3.023330e-06
1.310000e+03 2.364509e+04 2.345120e+04 2.383806e+04 2.965362e-06
1.311000e+03 2.364100e+04 2.346189e+04 2.384118e+04 2.912904e-06
1.312000e+03 2.344511e+04 2.347252e+04 2.384424e+04 2.865592e-06
1.313000e+03 2.343340e+04 2.348308e+04 2.384722e+04 2.823102e-06
1.314000e+03 2.352841e+04 2.348595e+04 2.385013e+04 2.785142e-06
1.315000e+03 2.346282e+04 2.349638e+04 2.385298e+04 2.751489e-06
1.316000e+03 2.354815e+04 2.349912e+04 2.385575e+04 2.721912e-06
1.317000e+03 2.363455e+04 2.350943e+04 2.385846e+04 2.696225e-06
1.318000e+03 2.346700e+04 2.351202e+04 2.386110e+04 2.674267e-06
1.319000e+03 2.361345e+04 2.351455e+04 2.386366e+04 2.655899e-06
1.320000e+03 2.393041e+04 2.352466e+04 2.386616e+04 2.641008e-06
1.321000e+03 2.383463e+04 2.352705e+04 2.386859e+04 2.629496e-06
1.322000e+03 2.368911e+04 2.352938e+04 2.387095e+04 2.621289e-06
1.323000e+03 2.357137e+04 2.353163e+04 2.387323e+04 2.616327e-06
1.324000e+03 2.349943e+04 2.353382e+04 2.387545e+04 2.614571e-06
1.325000e+03 2.364690e+04 2.353594e+04 2.387760e+04 2.615997e-06
1.326000e+03 2.354668e+04 2.353799e+04 2.387968e+04 2.620597e-06
1.327000e+03 2.358855e+04 2.353997e+04 2.388169e+04 2.628381e-06
1.328000e+03 2.369058e+04 2.354188e+04 2.388363e+04 2.639372e-06
1.329000e+03 2.362527e+04 2.353607e+04 2.388550e+04 2.653612e-06
1.330000e+03 2.364617e+04 2.353785e+04 2.388730e+04 2.671159e-06
1.331000e+03 2.364769e+04 2.353956e+04 2.388904e+04 2.692088e-06
1.332000e+03 2.350334e+04 2.353354e+04 2.389070e+04 2.716492e-06
1.333000e+03 2.349262e+04 2.353511e+04 2.389229e+04 2.744481e-06
1.334000e+03 2.347929e+04 2.352897e+04 2.389382e+04 2.776187e-06
1.335000e+03 2.335119e+04 2.353040e+04 2.389527e+04 2.811762e-06
1.336000e+03 2.335441e+04 2.352412e+04 2.389665e+04 2.851382e-06
1.337000e+03 2.341382e+04 2.351777e+04 2.389797e+04 2.895245e-06
1.338000e+03 2.340361e+04 2.351900e+04 2.389921e+04 2.943579e-06
1.339000e+03 2.345009e+04 2.351252e+04 2.390039e+04 2.996640e-06
1.340000e+03 2.366623e+04 2.350598e+04 2.390149e+04 3.054716e-06
1.341000e+03 2.366531e+04 2.349938e+04 2.390253e+04 3.118132e-06
1.342000e+03 2.354386e+04 2.349271e+04 2.390350e+04 3.187253e-06
1.343000e+03 2.358925e+04 2.347836e+04 2.390440e+04 3.262488e-06
1.344000e+03 2.369741e+04 2.347157e+04 2.390522e+04 3.344297e-06
1.345000e+03 2.365825e+04 2.345712e+04 2.390598e+04 3.433196e-06
1.346000e+03 2.352345e+04 2.345020e+04 2.390667e+04 3.529768e-06
1.347000e+03 2.341673e+04 2.343564e+04 2.390729e+04 3.634665e-06
1.348000e+03 2.338407e+04 2.342103e+04 2.390784e+04 3.748625e-06
1.349000e+03 2.342557e+04 2.340637e+04 2.390832e+04 3.872510e-06
1.350000e+03 2.351830e+04 2.339166e+04 2.390873e+04 4.007207e-06
1.351000e+03 2.353345e+04 2.336936e+04 2.390907e+04 4.153811e-06
1.352000e+03 2.351179e+04 2.335457e+04 2.390934e+04 4.313538e-06
1.353000e+03 2.342569e+04 2.333221e+04 2.390954e+04 4.487770e-06
1.354000e+03 2.346255e+04 2.330982e+04 2.390968e+04 4.678095e-06
1.355000e+03 2.335447e+04 2.327993e+04 2.390974e+04 4.886328e-06
1.356000e+03 2.325548e+04 2.325005e+04 2.390973e+04 5.114561e-06
1.357000e+03 2.329665e+04 2.322018e+04 2.390966e+04 5.365209e-06
1.358000e+03 2.326774e+04 2.318289e+04 2.390951e+04 5.641079e-06
1.359000e+03 2.316175e+04 2.314566e+04 2.390929e+04 5.945433e-06
1.360000e+03 2.326425e+04 2.310848e+04 2.390901e+04 6.282094e-06
1.361000e+03 2.311121e+04 2.305668e+04 2.390866e+04 6.655554e-06
1.362000e+03 2.306031e+04 2.300503e+04 2.390823e+04 7.071124e-06
1.363000e+03 2.316380e+04 2.295355e+04 2.390774e+04 7.535113e-06
1.364000e+03 2.302436e+04 2.288776e+04 2.390717e+04 8.055064e-06
1.365000e+03 2.297937e+04 2.281509e+04 2.390654e+04 8.640050e-06
1.366000e+03 2.281054e+04 2.273568e+04 2.390584e+04 9.301066e-06
1.367000e+03 2.273498e+04 2.264258e+04 2.390507e+04 1.005151e-05
1.368000e+03 2.285905e+04 2.254316e+04 2.390423e+04 1.090788e-05
1.369000e+03 2.266873e+04 2.243063e+04 2.390332e+04 1.189060e-05
1.370000e+03 2.252686e+04 2.229169e+04 2.390234e+04 1.302526e-05
1.371000e+03 2.231614e+04 2.214083e+04 2.390129e+04 1.434417e-05
1.372000e+03 2.205500e+04 2.196525e+04 2.390017e+04 1.588859e-05
1.373000e+03 2.184818e+04 2.176617e+04 2.389898e+04 1.771181e-05
1.374000e+03 2.170137e+04 2.152570e+04 2.389772e+04 1.988354e-05
1.375000e+03 2.149756e+04 2.125292e+04 2.389639e+04 2.249611e-05
1.376000e+03 2.112788e+04 2.092020e+04 2.389499e+04 2.567359e-05
1.377000e+03 2.080364e+04 2.053339e+04 2.389352e+04 2.958517e-05
1.378000e+03 2.043941e+04 2.006556e+04 2.389199e+04 3.446507e-05
1.379000e+03 1.991793e+04 1.950222e+04 2.389038e+04 4.064219e-05
1.380000e+03 1.923300e+04 1.882648e+04 2.388871e+04 4.858376e-05
1.381000e+03 1.828822e+04 1.801029e+04 2.388696e+04 5.895748e-05
1.382000e+03 1.724135e+04 1.703032e+04 2.388514e+04 7.270883e-05
1.383000e+03 1.584298e+04 1.587504e+04 2.388326e+04 9.112299e-05
1.384000e+03 1.449255e+04 1.455545e+04 2.388130e+04 1.157603e-04
1.385000e+03 1.294338e+04 1.312624e+04 2.387928e+04 1.479854e-04
1.386000e+03 1.128942e+04 1.171443e+04 2.387719e+04 1.876733e-04
1.387000e+03 1.003298e+04 1.047860e+04 2.387503e+04 2.310701e-04
1.388000e+03 9.176330e+03 9.586438e+03 2.387279e+04 2.693229e-04
1.389000e+03 8.941059e+03 9.151461e+03 2.387049e+04 2.906717e-04
1.390000e+03 9.362309e+03 9.221704e+03 2.386812e+04 2.870365e-04
1.391000e+03 1.023266e+04 9.789805e+03 2.386568e+04 2.598662e-04
1.392000e+03 1.141425e+04 1.078897e+04 2.386317e+04 2.190286e-04
1.393000e+03 1.254990e+04 1.208984e+04 2.386059e+04 1.759915e-04
1.394000e+03 1.378601e+04 1.351905e+04 2.385794e+04 1.381981e-04
1.395000e+03 1.491206e+04 1.492059e+04 2.385522e+04 1.081668e-04
1.396000e+03 1.589895e+04 1.619550e+04 2.385243e+04 8.541879e-05
1.397000e+03 1.697871e+04 1.729793e+04 2.384957e+04 6.844744e-05
1.398000e+03 1.781458e+04 1.822471e+04 2.384664e+04 5.574652e-05
1.399000e+03 1.861332e+04 1.899346e+04 2.384365e+04 4.612761e-05
1.400000e+03 1.932639e+04 1.963075e+04 2.384058e+04 3.873060e-05
1.401000e+03 1.996823e+04 2.015940e+04 2.383744e+04 3.295087e-05
1.402000e+03 2.044111e+04 2.059925e+04 2.383424e+04 2.836506e-05
1.403000e+03 2.066774e+04 2.096710e+04 2.383096e+04 2.467434e-05
1.404000e+03 2.092590e+04 2.127917e+04 2.382762e+04 2.166507e-05
1.405000e+03 2.103535e+04 2.153628e+04 2.382420e+04 1.918228e-05
1.406000e+03 2.155157e+04 2.176028e+04 2.382072e+04 1.711187e-05
1.407000e+03 2.183846e+04 2.194887e+04 2.381716e+04 1.536855e-05
1.408000e+03 2.191633e+04 2.211362e+04 2.381354e+04 1.388773e-05
1.409000e+03 2.221183e+04 2.225336e+04 2.380985e+04 1.261984e-05
1.410000e+03 2.228622e+04 2.238097e+04 2.380608e+04 1.152636e-05
1.411000e+03 2.240350e+04 2.248897e+04 2.380225e+04 1.057706e-05
1.412000e+03 2.247098e+04 2.257678e+04 2.379835e+04 9.747904e-06
1.413000e+03 2.264262e+04 2.266523e+04 2.379438e+04 9.019674e-06
1.414000e+03 2.261108e+04 2.273282e+04 2.379034e+04 8.376808e-06
1.415000e+03 2.267147e+04 2.280078e+04 2.378623e+04 7.806632e-06
1.416000e+03 2.280417e+04 2.286184e+04 2.378205e+04 7.298729e-06
1.417000e+03 2.294735e+04 2.290862e+04 2.377780e+04 6.844481e-06
1.418000e+03 2.297822e+04 2.295554e+04 2.377348e+04 6.436714e-06
1.419000e+03 2.292347e+04 2.299525e+04 2.376909e+04 6.069413e-06
1.420000e+03 2.277476e+04 2.303505e+04 2.376463e+04 5.737511e-06
1.421000e+03 2.271007e+04 2.306755e+04 2.376011e+04 5.436710e-06
1.422000e+03 2.302364e+04 2.309267e+04 2.375551e+04 5.163354e-06
1.423000e+03 2.315753e+04 2.312522e+04 2.375084e+04 4.914310e-06
1.424000e+03 2.313073e+04 2.314291e+04 2.374611e+04 4.686887e-06
1.425000e+03 2.315479e+04 2.316803e+04 2.374130e+04 4.478762e-06
1.426000e+03 2.328887e+04 2.318566e+04 2.373643e+04 4.287916e-06
1.427000e+03 2.321297e+04 2.320326e+04 2.373148e+04 4.112608e-06
1.428000e+03 2.312719e+04 2.322083e+04 2.372646e+04 3.951306e-06
1.429000e+03 2.286380e+04 2.323086e+04 2.372138e+04 3.802674e-06
1.430000e+03 2.301254e+04 2.324835e+04 2.371623e+04 3.665508e-06
1.431000e+03 2.336356e+04 2.325827e+04 2.371101e+04 3.538836e-06
1.432000e+03 2.327265e+04 2.326814e+04 2.370571e+04 3.421715e-06
1.433000e+03 2.356157e+04 2.327041e+04 2.370035e+04 3.313339e-06
1.434000e+03 2.348625e+04 2.328016e+04 2.369492e+04 3.212997e-06
1.435000e+03 2.332709e+04 2.328986e+04 2.368942e+04 3.120056e-06
1.436000e+03 2.313617e+04 2.329193e+04 2.368385e+04 3.033957e-06
1.437000e+03 2.297743e+04 2.329394e+04 2.367821e+04 2.954203e-06
1.438000e+03 2.312966e+04 2.330345e+04 2.367250e+04 2.880353e-06
1.439000e+03 2.321922e+04 2.330533e+04 2.366672e+04 2.812017e-06
1.440000e+03 2.324519e+04 2.330715e+04 2.366087e+04 2.748850e-06
1.441000e+03 2.331357e+04 2.330889e+04 2.365495e+04 2.690549e-06
1.442000e+03 2.320757e+04 2.331057e+04 2.364896e+04 2.636849e-06
1.443000e+03 2.333963e+04 2.331218e+04 2.364290e+04 2.587518e-06
1.444000e+03 2.344150e+04 2.330614e+04 2.363678e+04 2.542359e-06
1.445000e+03 2.329972e+04 2.330761e+04 2.363058e+04 2.501206e-06
1.446000e+03 2.337166e+04 2.330902e+04 2.362431e+04 2.463922e-06
1.447000e+03 2.329998e+04 2.330276e+04 2.361798e+04 2.430399e-06
1.448000e+03 2.332241e+04 2.330403e+04 2.361157e+04 2.400561e-06
1.449000e+03 2.334385e+04 2.329764e+04 2.360510e+04 2.374358e-06
1.450000e+03 2.310131e+04 2.329877e+04 2.359855e+04 2.351797e-06
1.451000e+03 2.317935e+04 2.329223e+04 2.359194e+04 2.332847e-06
1.452000e+03 2.330941e+04 2.328564e+04 2.358525e+04 2.317582e-06
1.453000e+03 2.345356e+04 2.327897e+04 2.357850e+04 2.306092e-06
1.454000e+03 2.335681e+04 2.327223e+04 2.357168e+04 2.298512e-06
1.455000e+03 2.340348e+04 2.326543e+04 2.356479e+04 2.295025e-06
1.456000e+03 2.341868e+04 2.325855e+04 2.355782e+04 2.295875e-06
1.457000e+03 2.331991e+04 2.325161e+04 2.355079e+04 2.301375e-06
1.458000e+03 2.331302e+04 2.324460e+04 2.354369e+04 2.311918e-06
1.459000e+03 2.320324e+04 2.323752e+04 2.353652e+04 2.327999e-06
1.460000e+03 2.328716e+04 2.323038e+04 2.352928e+04 2.350236e-06
1.461000e+03 2.304719e+04 2.321560e+04 2.352197e+04 2.379399e-06
1.462000e+03 2.304177e+04 2.320076e+04 2.351459e+04 2.416449e-06
1.463000e+03 2.303697e+04 2.319341e+04 2.350714e+04 2.462587e-06
1.464000e+03 2.307985e+04 2.317845e+04 2.349963e+04 2.519326e-06
1.465000e+03 2.310836e+04 2.316342e+04 2.349204e+04 2.588576e-06
1.466000e+03 2.310950e+04 2.314082e+04 2.348438e+04 2.672772e-06
1.467000e+03 2.318122e+04 2.311817e+04 2.347665e+04 2.775037e-06
1.468000e+03 2.308889e+04 2.309549e+04 2.346886e+04 2.899413e-06
1.469000e+03 2.307604e+04 2.307277e+04 2.346099e+04 3.051185e-06
1.470000e+03 2.305687e+04 2.304253e+04 2.345306e+04 3.237316e-06
1.471000e+03 2.301673e+04 2.300484e+04 2.344505e+04 3.467073e-06
1.472000e+03 2.296990e+04 2.295975e+04 2.343698e+04 3.752883e-06
1.473000e+03 2.294870e+04 2.290735e+04 2.342883e+04 4.111499e-06
1.474000e+03 2.280921e+04 2.284038e+04 2.342062e+04 4.565503e-06
1.475000e+03 2.283108e+04 2.276637e+04 2.341233e+04 5.145032e-06
1.476000e+03 2.289563e+04 2.266373e+04 2.340398e+04 5.888966e-06
1.477000e+03 2.272617e+04 2.254035e+04 2.339556e+04 6.843857e-06
1.478000e+03 2.234325e+04 2.238983e+04 2.338707e+04 8.054939e-06
1.479000e+03 2.222262e+04 2.220628e+04 2.337851e+04 9.538688e-06
1.480000e+03 2.198550e+04 2.200500e+04 2.336988e+04 1.122243e-05
1.481000e+03 2.161347e+04 2.180712e+04 2.336117e+04 1.285861e-05
1.482000e+03 2.149799e+04 2.167212e+04 2.335240e+04 1.400353e-05
1.483000e+03 2.164876e+04 2.164403e+04 2.334356e+04 1.421499e-05
1.484000e+03 2.178618e+04 2.172215e+04 2.333465e+04 1.340048e-05
1.485000e+03 2.189620e+04 2.188181e+04 2.332568e+04 1.190355e-05
1.486000e+03 2.214782e+04 2.207143e+04 2.331663e+04 1.020538e-05
1.487000e+03 2.217222e+04 2.224341e+04 2.330751e+04 8.636170e-06
1.488000e+03 2.242722e+04 2.238973e+04 2.329832e+04 7.326598e-06
1.489000e+03 2.257934e+04 2.250930e+04 2.328907e+04 6.285538e-06
1.490000e+03 2.262002e+04 2.259395e+04 2.327974e+04 5.474145e-06
1.491000e+03 2.267258e+04 2.266466e+04 2.327034e+04 4.844633e-06
1.492000e+03 2.260157e+04 2.271383e+04 2.326088e+04 4.354720e-06
1.493000e+03 2.253415e+04 2.274849e+04 2.325134e+04 3.971001e-06
1.494000e+03 2.254525e+04 2.277585e+04 2.324174e+04 3.668160e-06
1.495000e+03 2.257931e+04 2.279585e+04 2.323206e+04 3.427388e-06
1.496000e+03 2.265062e+04 2.281583e+04 2.322232e+04 3.234747e-06
1.497000e+03 2.274842e+04 2.282099e+04 2.321251e+04 3.079870e-06
1.498000e+03 2.274034e+04 2.282608e+04 2.320262e+04 2.954996e-06
1.499000e+03 2.290527e+04 2.283111e+04 2.319267e+04 2.854262e-06
1.500000e+03 2.284858e+04 2.282866e+04 2.318265e+04 2.773198e-06
1.501000e+03 2.279412e+04 2.283356e+04 2.317256e+04 2.708369e-06
1.502000e+03 2.281620e+04 2.282354e+04 2.316239e+04 2.657107e-06
1.503000e+03 2.298703e+04 2.282088e+04 2.315216e+04 2.617330e-06
1.504000e+03 2.297574e+04 2.281815e+04 2.314187e+04 2.587397e-06
1.505000e+03 2.295115e+04 2.280793e+04 2.313149e+04 2.566007e-06
1.506000e+03 2.275466e+04 2.279763e+04 2.312105e+04 2.552133e-06
1.507000e+03 2.275097e+04 2.278727e+04 2.311055e+04 2.544950e-06
1.508000e+03 2.279260e+04 2.277684e+04 2.309997e+04 2.543803e-06
1.509000e+03 2.269002e+04 2.276634e+04 2.308932e+04 2.548172e-06
1.510000e+03 2.281145e+04 2.275577e+04 2.307860e+04 2.557643e-06
1.511000e+03 2.281172e+04 2.274514e+04 2.306781e+04 2.571897e-06
1.512000e+03 2.282527e+04 2.273443e+04 2.305696e+04 2.590686e-06
1.513000e+03 2.278396e+04 2.271627e+04 2.304603e+04 2.613830e-06
1.514000e+03 2.277089e+04 2.270543e+04 2.303504e+04 2.641199e-06
1.515000e+03 2.269764e+04 2.268714e+04 2.302397e+04 2.672715e-06
1.516000e+03 2.272303e+04 2.267617e+04 2.301284e+04 2.708341e-06
1.517000e+03 2.271766e+04 2.265777e+04 2.300163e+04 2.748081e-06
1.518000e+03 2.274809e+04 2.263930e+04 2.299036e+04 2.791972e-06
1.519000e+03 2.255089e+04 2.262078e+04 2.297901e+04 2.840088e-06
1.520000e+03 2.237276e+04 2.260221e+04 2.296760e+04 2.892535e-06
1.521000e+03 2.245057e+04 2.259091e+04 2.295612e+04 2.949453e-06
1.522000e+03 2.244820e+04 2.256489e+04 2.294457e+04 3.011013e-06
1.523000e+03 2.242532e+04 2.254614e+04 2.293295e+04 3.077422e-06
1.524000e+03 2.245239e+04 2.252734e+04 2.292125e+04 3.148922e-06
1.525000e+03 2.240823e+04 2.250848e+04 2.290949e+04 3.225790e-06
1.526000e+03 2.234167e+04 2.248229e+04 2.289766e+04 3.308348e-06
1.527000e+03 2.222815e+04 2.246332e+04 2.288576e+04 3.396956e-06
1.528000e+03 2.213995e+04 2.243704e+04 2.287379e+04 3.492027e-06
1.529000e+03 2.211305e+04 2.241798e+04 2.286175e+04 3.594020e-06
1.530000e+03 2.210463e+04 2.239162e+04 2.284964e+04 3.703460e-06
1.531000e+03 2.218233e+04 2.236522e+04 2.283747e+04 3.820932e-06
1.532000e+03 2.224172e+04 2.233879e+04 2.282522e+04 3.947097e-06
1.533000e+03 2.227607e+04 2.231233e+04 2.281290e+04 4.082695e-06
1.534000e+03 2.222532e+04 2.227865e+04 2.280052e+04 4.228566e-06
1.535000e+03 2.228852e+04 2.224496e+04 2.278806e+04 4.385653e-06
1.536000e+03 2.227550e+04 2.221842e+04 2.277553e+04 4.555026e-06
1.537000e+03 2.203650e+04 2.218471e+04 2.276294e+04 4.737897e-06
1.538000e+03 2.195743e+04 2.214389e+04 2.275027e+04 4.935640e-06
1.539000e+03 2.191423e+04 2.211020e+04 2.273754e+04 5.149825e-06
1.540000e+03 2.182860e+04 2.206942e+04 2.272473e+04 5.382242e-06
1.541000e+03 2.191519e+04 2.202164e+04 2.271186e+04 5.634947e-06
1.542000e+03 2.182876e+04 2.198096e+04 2.269892e+04 5.910299e-06
1.543000e+03 2.177140e+04 2.193333e+04 2.268590e+04 6.211029e-06
1.544000e+03 2.183337e+04 2.187880e+04 2.267282e+04 6.540299e-06
1.545000e+03 2.187737e+04 2.182442e+04 2.265967e+04 6.901793e-06
1.546000e+03 2.170793e+04 2.177018e+04 2.264645e+04 7.299824e-06
1.547000e+03 2.136737e+04 2.170234e+04 2.263316e+04 7.739456e-06
1.548000e+03 2.134954e+04 2.163478e+04 2.261980e+04 8.226685e-06
1.549000e+03 2.122921e+04 2.156070e+04 2.260637e+04 8.768629e-06
1.550000e+03 2.099058e+04 2.148023e+04 2.259287e+04 9.373804e-06
1.551000e+03 2.067502e+04 2.138683e+04 2.257930e+04 1.005247e-05
1.552000e+03 2.053876e+04 2.129406e+04 2.256566e+04 1.081705e-05
1.553000e+03 2.025519e+04 2.118220e+04 2.255195e+04 1.168274e-05
1.554000e+03 2.027626e+04 2.105832e+04 2.253817e+04 1.266823e-05
1.555000e+03 2.023081e+04 2.092926e+04 2.252433e+04 1.379675e-05
1.556000e+03 2.027618e+04 2.077621e+04 2.251041e+04 1.509747e-05
1.557000e+03 2.020033e+04 2.060020e+04 2.249642e+04 1.660731e-05
1.558000e+03 2.011106e+04 2.040852e+04 2.248237e+04 1.837387e-05
1.559000e+03 1.986947e+04 2.018413e+04 2.246824e+04 2.045823e-05
1.560000e+03 1.992791e+04 1.992337e+04 2.245405e+04 2.294146e-05
1.561000e+03 1.982493e+04 1.962348e+04 2.243978e+04 2.593161e-05
1.562000e+03 1.962750e+04 1.927177e+04 2.242545e+04 2.957536e-05
1.563000e+03 1.933231e+04 1.885314e+04 2.241104e+04 3.407561e-05
1.564000e+03 1.910900e+04 1.836192e+04 2.239657e+04 3.971855e-05
1.565000e+03 1.856180e+04 1.776845e+04 2.238203e+04 4.691708e-05
1.566000e+03 1.782238e+04 1.705551e+04 2.236742e+04 5.628123e-05
1.567000e+03 1.705972e+04 1.619291e+04 2.235273e+04 6.873596e-05
1.568000e+03 1.594004e+04 1.515024e+04 2.233798e+04 8.572052e-05
1.569000e+03 1.467218e+04 1.389924e+04 2.232316e+04 1.095271e-04
1.570000e+03 1.275252e+04 1.242035e+04 2.230827e+04 1.438487e-04
1.571000e+03 1.036374e+04 1.073749e+04 2.229331e+04 1.945011e-04
1.572000e+03 8.102100e+03 8.942586e+03 2.227828e+04 2.695329e-04
1.573000e+03 6.314760e+03 7.239535e+03 2.226318e+04 3.750257e-04
1.574000e+03 5.262740e+03 5.921992e+03 2.224801e+04 4.983108e-04
1.575000e+03 5.165189e+03 5.243350e+03 2.223277e+04 5.856942e-04
1.576000e+03 5.760279e+03 5.322148e+03 2.221747e+04 5.738058e-04
1.577000e+03 6.765799e+03 6.142814e+03 2.220209e+04 4.724945e-04
1.578000e+03 8.095689e+03 7.552528e+03 2.218664e+04 3.501780e-04
1.579000e+03 9.685059e+03 9.274177e+03 2.217113e+04 2.513460e-04
1.580000e+03 1.109388e+04 1.102684e+04 2.215554e+04 1.824149e-04
1.581000e+03 1.251134e+04 1.263053e+04 2.213988e+04 1.360276e-04
1.582000e+03 1.365610e+04 1.401721e+04 2.212416e+04 1.045106e-04
1.583000e+03 1.468142e+04 1.517447e+04 2.210836e+04 8.256233e-05
1.584000e+03 1.570777e+04 1.612385e+04 2.209250e+04 6.684998e-05
1.585000e+03 1.640625e+04 1.690176e+04 2.207656e+04 5.530381e-05
1.586000e+03 1.718676e+04 1.753621e+04 2.206056e+04 4.661861e-05
1.587000e+03 1.769226e+04 1.805373e+04 2.204449e+04 3.995125e-05
1.588000e+03 1.823156e+04 1.847480e+04 2.202835e+04 3.474268e-05
1.589000e+03 1.861036e+04 1.882053e+04 2.201213e+04 3.061285e-05
1.590000e+03 1.890957e+04 1.910846e+04 2.199585e+04 2.729722e-05
1.591000e+03 1.921666e+04 1.934375e+04 2.197950e+04 2.460778e-05
1.592000e+03 1.936385e+04 1.953921e+04 2.196308e+04 2.240832e-05
1.593000e+03 1.954188e+04 1.969799e+04 2.194659e+04 2.059848e-05
1.594000e+03 1.960286e+04 1.983585e+04 2.193003e+04 1.910311e-05
1.595000e+03 1.986644e+04 1.993981e+04 2.191340e+04 1.786579e-05
1.596000e+03 1.997716e+04 2.002683e+04 2.189670e+04 1.684287e-05
1.597000e+03 2.004759e+04 2.010248e+04 2.187993e+04 1.600094e-05
1.598000e+03 2.018207e+04 2.015421e+04 2.186310e+04 1.531398e-05
1.599000e+03 2.030327e+04 2.019390e+04 2.184619e+04 1.476190e-05
1.600000e+03 2.032090e+04 2.022756e+04 2.182921e+04 1.432915e-05
1.601000e+03 2.041215e+04 2.024270e+04 2.181216e+04 1.400381e-05
1.602000e+03 2.025428e+04 2.025162e+04 2.179505e+04 1.377698e-05
1.603000e+03 2.038065e+04 2.024807e+04 2.177786e+04 1.364227e-05
1.604000e+03 2.032812e+04 2.023823e+04 2.176061e+04 1.359547e-05
1.605000e+03 2.019836e+04 2.021592e+04 2.174328e+04 1.363433e-05
1.606000e+03 2.023559e+04 2.018736e+04 2.172589e+04 1.375848e-05
1.607000e+03 2.011014e+04 2.015260e+04 2.170842e+04 1.396930e-05
1.608000e+03 2.014489e+04 2.010553e+04 2.169089e+04 1.427004e-05
1.609000e+03 2.024092e+04 2.004630e+04 2.167329e+04 1.466590e-05
1.610000e+03 2.017169e+04 1.998118e+04 2.165562e+04 1.516425e-05
1.611000e+03 2.009679e+04 1.989818e+04 2.163787e+04 1.577493e-05
1.612000e+03 1.994274e+04 1.980968e+04 2.162006e+04 1.651070e-05
1.613000e+03 1.991766e+04 1.970394e+04 2.160218e+04 1.738785e-05
1.614000e+03 1.968238e+04 1.958737e+04 2.158423e+04 1.842701e-05
1.615000e+03 1.955252e+04 1.944873e+04 2.156621e+04 1.965427e-05
1.616000e+03 1.940436e+04 1.929464e+04 2.154812e+04 2.110263e-05
1.617000e+03 1.927287e+04 1.911462e+04 2.152996e+04 2.281409e-05
1.618000e+03 1.915964e+04 1.891011e+04 2.151173e+04 2.484245e-05
1.619000e+03 1.890127e+04 1.867735e+04 2.149343e+04 2.725721e-05
1.620000e+03 1.871673e+04 1.840286e+04 2.147506e+04 3.014915e-05
1.621000e+03 1.851846e+04 1.809041e+04 2.145663e+04 3.363823e-05
1.622000e+03 1.823038e+04 1.771992e+04 2.143812e+04 3.788519e-05
1.623000e+03 1.755938e+04 1.729425e+04 2.141954e+04 4.310866e-05
1.624000e+03 1.710154e+04 1.679164e+04 2.140089e+04 4.961097e-05
1.625000e+03 1.644444e+04 1.619830e+04 2.138218e+04 5.781747e-05
1.626000e+03 1.569476e+04 1.550214e+04 2.136339e+04 6.833742e-05
1.627000e+03 1.497529e+04 1.467679e+04 2.134454e+04 8.205776e-05
1.628000e+03 1.400318e+04 1.371482e+04 2.132562e+04 1.002857e-04
1.629000e+03 1.293033e+04 1.259613e+04 2.130662e+04 1.249464e-04
1.630000e+03 1.140031e+04 1.132969e+04 2.128756e+04 1.587929e-04
1.631000e+03 9.780148e+03 9.954385e+03 2.126842e+04 2.053960e-04
1.632000e+03 8.034520e+03 8.554441e+03 2.124922e+04 2.682221e-04
1.633000e+03 6.690820e+03 7.262751e+03 2.122995e+04 3.475850e-04
1.634000e+03 5.599910e+03 6.224161e+03 2.121061e+04 4.351623e-04
1.635000e+03 5.141590e+03 5.543326e+03 2.119120e+04 5.101979e-04
1.636000e+03 5.224039e+03 5.266864e+03 2.117171e+04 5.458370e-04
1.637000e+03 5.704279e+03 5.404840e+03 2.115216e+04 5.265982e-04
1.638000e+03 6.421080e+03 5.951197e+03 2.113254e+04 4.610160e-04
1.639000e+03 7.520500e+03 6.872107e+03 2.111285e+04 3.744857e-04
1.640000e+03 8.703430e+03 8.080532e+03 2.109310e+04 2.910048e-04
1.641000e+03 9.713750e+03 9.441695e+03 2.107327e+04 2.226723e-04
1.642000e+03 1.096604e+04 1.081206e+04 2.105337e+04 1.712185e-04
1.643000e+03 1.200014e+04 1.208802e+04 2.103340e+04 1.337013e-04
1.644000e+03 1.296502e+04 1.322498e+04 2.101336e+04 1.064096e-04
1.645000e+03 1.373662e+04 1.420642e+04 2.099326e+04 8.631052e-05
1.646000e+03 1.441500e+04 1.504245e+04 2.097308e+04 7.123985e-05
1.647000e+03 1.526788e+04 1.574710e+04 2.095283e+04 5.972081e-05
1.648000e+03 1.585747e+04 1.634375e+04 2.093252e+04 5.075275e-05
1.649000e+03 1.634396e+04 1.684419e+04 2.091213e+04 4.365133e-05
1.650000e+03 1.689676e+04 1.726354e+04 2.089168e+04 3.794109e-05
1.651000e+03 1.732271e+04 1.762621e+04 2.087115e+04 3.328582e-05
1.652000e+03 1.762676e+04 1.792853e+04 2.085056e+04 2.944341e-05
1.653000e+03 1.790654e+04 1.818940e+04 2.082990e+04 2.623655e-05
1.654000e+03 1.810724e+04 1.840997e+04 2.080916e+04 2.353326e-05
1.655000e+03 1.839842e+04 1.860334e+04 2.078836e+04 2.123381e-05
1.656000e+03 1.852588e+04 1.876752e+04 2.076749e+04 1.926182e-05
1.657000e+03 1.861550e+04 1.890643e+04 2.074655e+04 1.755802e-05
1.658000e+03 1.881201e+04 1.903033e+04 2.072554e+04 1.607590e-05
1.659000e+03 1.904753e+04 1.913852e+04 2.070446e+04 1.477860e-05
1.660000e+03 1.922882e+04 1.923040e+04 2.068331e+04 1.363654e-05
1.661000e+03 1.930092e+04 1.931137e+04 2.066209e+04 1.262585e-05
1.662000e+03 1.947180e+04 1.938112e+04 2.064080e+04 1.172705e-05
1.663000e+03 1.954511e+04 1.944540e+04 2.061944e+04 1.092414e-05
1.664000e+03 1.976964e+04 1.949799e+04 2.059801e+04 1.020386e-05
1.665000e+03 1.976319e+04 1.954478e+04 2.057651e+04 9.555200e-06
1.666000e+03 1.979033e+04 1.958568e+04 2.055495e+04 8.968892e-06
1.667000e+03 1.979617e+04 1.961439e+04 2.053331e+04 8.437130e-06
1.668000e+03 1.976431e+04 1.964939e+04 2.051160e+04 7.953299e-06
1.669000e+03 1.979689e+04 1.967205e+04 2.048982e+04 7.511751e-06
1.670000e+03 1.967564e+04 1.969474e+04 2.046798e+04 7.107653e-06
1.671000e+03 1.967446e+04 1.971120e+04 2.044606e+04 6.736838e-06
1.672000e+03 1.987041e+04 1.972766e+04 2.042408e+04 6.395710e-06
1.673000e+03 1.999977e+04 1.973780e+04 2.040203e+04 6.081144e-06
1.674000e+03 1.996844e+04 1.974792e+04 2.037990e+04 5.790419e-06
1.675000e+03 2.003161e+04 1.975167e+04 2.035771e+04 5.521151e-06
1.676000e+03 2.000366e+04 1.976170e+04 2.033545e+04 5.271253e-06
1.677000e+03 2.001668e+04 1.975900e+04 2.031311e+04 5.038841e-06
1.678000e+03 1.990420e+04 1.976258e+04 2.029071e+04 4.822378e-06
1.679000e+03 1.988724e+04 1.975974e+04 2.026824e+04 4.620374e-06
1.680000e+03 2.004841e+04 1.976319e+04 2.024570e+04 4.431549e-06
1.681000e+03 2.012036e+04 1.976021e+04 2.022309e+04 4.254763e-06
1.682000e+03 2.006196e+04 1.975079e+04 2.020041e+04 4.088996e-06
1.683000e+03 2.015363e+04 1.974765e+04 2.017766e+04 3.933334e-06
1.684000e+03 2.014473e+04 1.973807e+04 2.015484e+04 3.786958e-06
1.685000e+03 2.003303e+04 1.973478e+04 2.013195e+04 3.649130e-06
1.686000e+03 1.999779e+04 1.972503e+04 2.010899e+04 3.519184e-06
