9.030000e+02 1.662130e+04 1.645569e+04 1.667828e+04 2.416773e-06
9.040000e+02 1.665487e+04 1.647965e+04 1.670801e+04 2.497499e-06
9.050000e+02 1.663500e+04 1.650354e+04 1.673767e+04 2.582515e-06
9.060000e+02 1.665470e+04 1.652197e+04 1.676726e+04 2.672137e-06
9.070000e+02 1.680154e+04 1.654569e+04 1.679679e+04 2.766712e-06
9.080000e+02 1.671068e+04 1.656394e+04 1.682626e+04 2.866619e-06
9.090000e+02 1.674681e+04 1.658211e+04 1.685565e+04 2.972276e-06
9.100000e+02 1.672210e+04 1.660019e+04 1.688498e+04 3.084144e-06
9.110000e+02 1.677428e+04 1.661818e+04 1.691425e+04 3.202732e-06
9.120000e+02 1.681217e+04 1.663608e+04 1.694345e+04 3.328600e-06
9.130000e+02 1.677167e+04 1.665390e+04 1.697258e+04 3.462373e-06
9.140000e+02 1.680371e+04 1.667162e+04 1.700165e+04 3.604744e-06
9.150000e+02 1.668742e+04 1.668387e+04 1.703065e+04 3.756482e-06
9.160000e+02 1.687726e+04 1.669603e+04 1.705958e+04 3.918451e-06
9.170000e+02 1.675102e+04 1.670809e+04 1.708845e+04 4.091611e-06
9.180000e+02 1.683130e+04 1.672007e+04 1.711725e+04 4.277048e-06
9.190000e+02 1.682026e+04 1.673196e+04 1.714599e+04 4.475978e-06
9.200000e+02 1.685149e+04 1.673839e+04 1.717466e+04 4.689780e-06
9.210000e+02 1.683078e+04 1.674473e+04 1.720326e+04 4.920011e-06
9.220000e+02 1.680484e+04 1.675099e+04 1.723180e+04 5.168445e-06
9.230000e+02 1.682929e+04 1.675717e+04 1.726027e+04 5.437106e-06
9.240000e+02 1.675506e+04 1.675791e+04 1.728867e+04 5.728308e-06
9.250000e+02 1.666930e+04 1.675858e+04 1.731701e+04 6.044720e-06
9.260000e+02 1.670393e+04 1.675385e+04 1.734529e+04 6.389415e-06
9.270000e+02 1.669706e+04 1.674374e+04 1.737349e+04 6.765966e-06
9.280000e+02 1.668730e+04 1.673893e+04 1.740163e+04 7.178535e-06
9.290000e+02 1.686348e+04 1.672347e+04 1.742971e+04 7.631998e-06
9.300000e+02 1.682852e+04 1.670804e+04 1.745772e+04 8.132104e-06
9.310000e+02 1.676714e+04 1.668210e+04 1.748566e+04 8.685663e-06
9.320000e+02 1.676108e+04 1.665627e+04 1.751354e+04 9.300798e-06
9.330000e+02 1.674822e+04 1.662014e+04 1.754135e+04 9.987269e-06
9.340000e+02 1.660252e+04 1.658422e+04 1.756909e+04 1.075688e-05
9.350000e+02 1.657556e+04 1.653311e+04 1.759677e+04 1.162402e-05
9.360000e+02 1.647620e+04 1.647733e+04 1.762438e+04 1.260641e-05
9.370000e+02 1.646933e+04 1.640693e+04 1.765193e+04 1.372603e-05
9.380000e+02 1.633181e+04 1.632235e+04 1.767941e+04 1.501051e-05
9.390000e+02 1.613897e+04 1.622412e+04 1.770682e+04 1.649481e-05
9.400000e+02 1.601303e+04 1.610796e+04 1.773417e+04 1.822386e-05
9.410000e+02 1.587130e+04 1.597003e+04 1.776145e+04 2.025627e-05
9.420000e+02 1.584383e+04 1.580693e+04 1.778867e+04 2.266946e-05
9.430000e+02 1.568797e+04 1.560686e+04 1.781581e+04 2.556749e-05
9.440000e+02 1.541399e+04 1.536852e+04 1.784290e+04 2.909279e-05
9.450000e+02 1.517215e+04 1.507899e+04 1.786992e+04 3.344421e-05
9.460000e+02 1.489530e+04 1.472459e+04 1.789687e+04 3.890488e-05
9.470000e+02 1.440268e+04 1.429279e+04 1.792375e+04 4.588471e-05
9.480000e+02 1.392111e+04 1.376377e+04 1.795057e+04 5.498434e-05
9.490000e+02 1.304321e+04 1.311099e+04 1.797732e+04 6.707969e-05
9.500000e+02 1.221334e+04 1.231832e+04 1.800401e+04 8.340885e-05
9.510000e+02 1.118526e+04 1.138085e+04 1.803063e+04 1.055931e-04
9.520000e+02 1.014337e+04 1.032082e+04 1.805718e+04 1.354440e-04
9.530000e+02 9.146742e+03 9.204301e+03 1.808367e+04 1.743533e-04
9.540000e+02 8.344461e+03 8.123678e+03 1.811009e+04 2.221571e-04
9.550000e+02 7.340502e+03 7.180196e+03 1.813645e+04 2.757543e-04
9.560000e+02 6.544742e+03 6.447794e+03 1.816274e+04 3.283294e-04
9.570000e+02 5.866201e+03 5.965885e+03 1.818896e+04 3.702680e-04
9.580000e+02 5.478861e+03 5.746256e+03 1.821512e+04 3.921376e-04
9.590000e+02 5.544893e+03 5.790649e+03 1.824121e+04 3.885671e-04
9.600000e+02 6.050201e+03 6.097126e+03 1.826724e+04 3.607483e-04
9.610000e+02 6.810711e+03 6.657063e+03 1.829320e+04 3.158859e-04
9.620000e+02 7.701451e+03 7.445047e+03 1.831909e+04 2.639772e-04
9.630000e+02 8.624393e+03 8.399313e+03 1.834492e+04 2.140180e-04
9.640000e+02 9.366781e+03 9.421578e+03 1.837068e+04 1.716874e-04
9.650000e+02 1.029503e+04 1.039318e+04 1.839637e+04 1.391204e-04
9.660000e+02 1.115439e+04 1.121677e+04 1.842200e+04 1.160519e-04
9.670000e+02 1.159388e+04 1.182376e+04 1.844756e+04 1.012333e-04
9.680000e+02 1.198636e+04 1.217479e+04 1.847306e+04 9.349347e-05
9.690000e+02 1.220412e+04 1.224213e+04 1.849849e+04 9.235917e-05
9.700000e+02 1.207372e+04 1.198928e+04 1.852386e+04 9.844462e-05
9.710000e+02 1.148988e+04 1.138337e+04 1.854915e+04 1.137485e-04
9.720000e+02 1.042425e+04 1.042767e+04 1.857439e+04 1.411754e-04
9.730000e+02 9.202252e+03 9.332104e+03 1.859955e+04 1.795153e-04
9.740000e+02 8.671752e+03 8.630381e+03 1.862465e+04 2.092806e-04
9.750000e+02 8.870201e+03 8.836517e+03 1.864969e+04 2.006812e-04
9.760000e+02 9.657701e+03 9.762483e+03 1.867465e+04 1.650182e-04
9.770000e+02 1.054535e+04 1.077330e+04 1.869955e+04 1.329192e-04
9.780000e+02 1.144250e+04 1.147929e+04 1.872439e+04 1.140153e-04
9.790000e+02 1.187649e+04 1.179263e+04 1.874916e+04 1.065581e-04
9.800000e+02 1.201260e+04 1.176423e+04 1.877386e+04 1.076575e-04
9.810000e+02 1.162506e+04 1.148523e+04 1.879850e+04 1.150192e-04
9.820000e+02 1.099628e+04 1.108897e+04 1.882307e+04 1.260093e-04
9.830000e+02 1.051588e+04 1.073816e+04 1.884758e+04 1.364442e-04
9.840000e+02 1.022654e+04 1.060654e+04 1.887202e+04 1.408142e-04
9.850000e+02 1.042308e+04 1.080252e+04 1.889639e+04 1.353767e-04
9.860000e+02 1.119465e+04 1.132030e+04 1.892070e+04 1.213094e-04
9.870000e+02 1.206394e+04 1.205334e+04 1.894494e+04 1.032981e-04
9.880000e+02 1.299506e+04 1.287114e+04 1.896911e+04 8.561557e-05
9.890000e+02 1.377497e+04 1.366772e+04 1.899322e+04 7.037560e-05
9.900000e+02 1.457366e+04 1.439234e+04 1.901726e+04 5.803751e-05
9.910000e+02 1.520281e+04 1.502577e+04 1.904124e+04 4.829761e-05
9.920000e+02 1.551318e+04 1.556328e+04 1.906515e+04 4.065328e-05
9.930000e+02 1.588116e+04 1.601847e+04 1.908899e+04 3.462821e-05
9.940000e+02 1.634003e+04 1.640170e+04 1.911277e+04 2.983612e-05
9.950000e+02 1.673367e+04 1.672993e+04 1.913648e+04 2.598204e-05
9.960000e+02 1.700577e+04 1.701064e+04 1.916013e+04 2.284587e-05
9.970000e+02 1.706574e+04 1.724883e+04 1.918371e+04 2.026433e-05
9.980000e+02 1.733690e+04 1.745639e+04 1.920722e+04 1.811594e-05
9.990000e+02 1.750801e+04 1.763635e+04 1.923066e+04 1.630964e-05
1.000000e+03 1.766518e+04 1.779781e+04 1.925404e+04 1.477657e-05
1.001000e+03 1.768682e+04 1.793972e+04 1.927736e+04 1.346404e-05
1.002000e+03 1.786641e+04 1.806675e+04 1.930061e+04 1.233137e-05
1.003000e+03 1.807338e+04 1.818392e+04 1.932379e+04 1.134679e-05
1.004000e+03 1.807729e+04 1.828515e+04 1.934691e+04 1.048522e-05
1.005000e+03 1.822066e+04 1.838145e+04 1.936996e+04 9.726700e-06
1.006000e+03 1.842238e+04 1.846686e+04 1.939294e+04 9.055169e-06
1.007000e+03 1.845213e+04 1.854695e+04 1.941586e+04 8.457610e-06
1.008000e+03 1.851670e+04 1.862160e+04 1.943871e+04 7.923378e-06
1.009000e+03 1.854231e+04 1.869069e+04 1.946150e+04 7.443698e-06
1.010000e+03 1.859580e+04 1.875410e+04 1.948422e+04 7.011293e-06
1.011000e+03 1.871462e+04 1.881774e+04 1.950688e+04 6.620078e-06
1.012000e+03 1.878358e+04 1.887557e+04 1.952946e+04 6.264938e-06
1.013000e+03 1.879615e+04 1.892752e+04 1.955198e+04 5.941548e-06
1.014000e+03 1.876046e+04 1.897957e+04 1.957444e+04 5.646230e-06
1.015000e+03 1.897765e+04 1.903172e+04 1.959683e+04 5.375836e-06
1.016000e+03 1.901897e+04 1.907785e+04 1.961915e+04 5.127663e-06
1.017000e+03 1.899239e+04 1.912403e+04 1.964141e+04 4.899384e-06
1.018000e+03 1.899300e+04 1.916411e+04 1.966360e+04 4.688972e-06
1.019000e+03 1.891617e+04 1.921038e+04 1.968573e+04 4.494672e-06
1.020000e+03 1.890289e+04 1.925050e+04 1.970779e+04 4.314948e-06
1.021000e+03 1.898203e+04 1.928441e+04 1.972978e+04 4.148456e-06
1.022000e+03 1.903197e+04 1.932454e+04 1.975171e+04 3.994012e-06
1.023000e+03 1.905894e+04 1.935842e+04 1.977356e+04 3.850575e-06
1.024000e+03 1.908807e+04 1.939856e+04 1.979536e+04 3.717223e-06
1.025000e+03 1.915319e+04 1.943241e+04 1.981709e+04 3.593143e-06
1.026000e+03 1.904502e+04 1.946625e+04 1.983875e+04 3.477613e-06
1.027000e+03 1.903813e+04 1.949375e+04 1.986035e+04 3.369990e-06
1.028000e+03 1.931558e+04 1.952753e+04 1.988188e+04 3.269705e-06
1.029000e+03 1.929019e+04 1.956129e+04 1.990334e+04 3.176250e-06
1.030000e+03 1.913183e+04 1.958867e+04 1.992474e+04 3.089175e-06
1.031000e+03 1.917780e+04 1.962238e+04 1.994607e+04 3.008079e-06
1.032000e+03 1.941185e+04 1.964967e+04 1.996734e+04 2.932610e-06
1.033000e+03 1.938035e+04 1.967692e+04 1.998854e+04 2.862454e-06
1.034000e+03 1.955278e+04 1.970413e+04 2.000967e+04 2.797329e-06
1.035000e+03 1.957354e+04 1.973129e+04 2.003074e+04 2.737012e-06
1.036000e+03 1.962233e+04 1.975839e+04 2.005174e+04 2.681291e-06
1.037000e+03 1.975962e+04 1.978545e+04 2.007267e+04 2.629991e-06
1.038000e+03 1.979012e+04 1.981247e+04 2.009354e+04 2.582970e-06
1.039000e+03 1.982215e+04 1.983298e+04 2.011434e+04 2.540117e-06
1.040000e+03 1.987948e+04 1.985989e+04 2.013508e+04 2.501349e-06
1.041000e+03 1.981175e+04 1.988675e+04 2.015575e+04 2.466618e-06
1.042000e+03 1.975063e+04 1.990708e+04 2.017636e+04 2.435904e-06
1.043000e+03 1.976674e+04 1.993383e+04 2.019689e+04 2.409226e-06
1.044000e+03 1.969345e+04 1.995404e+04 2.021737e+04 2.386642e-06
1.045000e+03 1.978703e+04 1.997418e+04 2.023777e+04 2.368247e-06
1.046000e+03 1.987478e+04 2.000076e+04 2.025811e+04 2.354192e-06
1.047000e+03 1.991183e+04 2.002078e+04 2.027839e+04 2.344679e-06
1.048000e+03 2.001431e+04 2.004073e+04 2.029859e+04 2.339980e-06
1.049000e+03 1.999546e+04 2.006062e+04 2.031874e+04 2.340447e-06
1.050000e+03 2.005255e+04 2.008044e+04 2.033881e+04 2.346528e-06
1.051000e+03 2.005345e+04 2.009365e+04 2.035882e+04 2.358794e-06
1.052000e+03 2.006732e+04 2.011333e+04 2.037877e+04 2.377966e-06
1.053000e+03 2.009012e+04 2.013295e+04 2.039864e+04 2.404960e-06
1.054000e+03 2.006585e+04 2.014594e+04 2.041845e+04 2.440936e-06
1.055000e+03 2.008135e+04 2.015886e+04 2.043820e+04 2.487380e-06
1.056000e+03 2.011839e+04 2.017171e+04 2.045788e+04 2.546202e-06
1.057000e+03 2.014652e+04 2.018448e+04 2.047749e+04 2.619886e-06
1.058000e+03 2.020148e+04 2.019718e+04 2.049704e+04 2.711687e-06
1.059000e+03 2.028647e+04 2.020324e+04 2.051652e+04 2.825926e-06
1.060000e+03 2.046844e+04 2.020266e+04 2.053593e+04 2.968412e-06
1.061000e+03 2.039426e+04 2.020203e+04 2.055528e+04 3.147054e-06
1.062000e+03 2.024213e+04 2.019479e+04 2.057456e+04 3.372777e-06
1.063000e+03 2.025546e+04 2.018750e+04 2.059378e+04 3.660858e-06
1.064000e+03 2.012433e+04 2.016063e+04 2.061293e+04 4.032904e-06
1.065000e+03 2.010351e+04 2.012734e+04 2.063201e+04 4.519621e-06
1.066000e+03 2.006381e+04 2.007482e+04 2.065103e+04 5.164365e-06
1.067000e+03 2.002526e+04 2.000342e+04 2.066998e+04 6.026267e-06
1.068000e+03 1.992700e+04 1.990097e+04 2.068887e+04 7.178116e-06
1.069000e+03 1.980090e+04 1.975606e+04 2.070769e+04 8.683875e-06
1.070000e+03 1.959654e+04 1.958287e+04 2.072644e+04 1.052150e-05
1.071000e+03 1.900929e+04 1.941293e+04 2.074513e+04 1.241875e-05
1.072000e+03 1.891079e+04 1.929927e+04 2.076375e+04 1.372859e-05
1.073000e+03 1.916121e+04 1.931060e+04 2.078231e+04 1.376549e-05
1.074000e+03 1.945946e+04 1.945301e+04 2.080079e+04 1.253591e-05
1.075000e+03 1.975706e+04 1.965215e+04 2.081922e+04 1.073335e-05
1.076000e+03 1.992687e+04 1.984874e+04 2.083757e+04 9.009646e-06
1.077000e+03 1.991727e+04 2.001080e+04 2.085587e+04 7.653190e-06
1.078000e+03 1.993535e+04 2.012384e+04 2.087409e+04 6.738421e-06
1.079000e+03 1.987135e+04 2.018630e+04 2.089225e+04 6.328201e-06
1.080000e+03 1.971015e+04 2.017805e+04 2.091034e+04 6.544058e-06
1.081000e+03 1.979180e+04 2.010583e+04 2.092837e+04 7.393735e-06
1.082000e+03 1.994381e+04 2.000893e+04 2.094633e+04 8.440265e-06
1.083000e+03 2.018297e+04 1.998194e+04 2.096422e+04 8.862301e-06
1.084000e+03 2.029278e+04 2.007468e+04 2.098205e+04 8.191752e-06
1.085000e+03 2.034292e+04 2.023218e+04 2.099981e+04 6.834834e-06
1.086000e+03 2.049185e+04 2.038530e+04 2.101751e+04 5.577978e-06
1.087000e+03 2.063942e+04 2.048763e+04 2.103514e+04 4.831091e-06
1.088000e+03 2.067015e+04 2.053773e+04 2.105270e+04 4.537089e-06
1.089000e+03 2.048449e+04 2.055480e+04 2.107020e+04 4.501574e-06
1.090000e+03 2.043771e+04 2.056519e+04 2.108763e+04 4.596015e-06
1.091000e+03 2.036833e+04 2.056227e+04 2.110499e+04 4.768110e-06
1.092000e+03 2.030394e+04 2.055271e+04 2.112229e+04 5.002910e-06
1.093000e+03 2.040922e+04 2.053651e+04 2.113953e+04 5.299747e-06
1.094000e+03 2.042420e+04 2.051374e+04 2.115669e+04 5.664347e-06
1.095000e+03 2.049078e+04 2.048445e+04 2.117379e+04 6.106928e-06
1.096000e+03 2.046735e+04 2.044220e+04 2.119083e+04 6.642132e-06
1.097000e+03 2.046978e+04 2.038720e+04 2.120780e+04 7.289864e-06
1.098000e+03 2.045719e+04 2.031325e+04 2.122470e+04 8.076555e-06
1.099000e+03 2.042597e+04 2.022717e+04 2.124154e+04 9.036989e-06
1.100000e+03 2.029433e+04 2.012303e+04 2.125831e+04 1.021627e-05
1.101000e+03 1.999102e+04 1.998282e+04 2.127501e+04 1.167166e-05
1.102000e+03 1.973694e+04 1.981424e+04 2.129165e+04 1.347313e-05
1.103000e+03 1.949305e+04 1.960693e+04 2.130822e+04 1.570067e-05
1.104000e+03 1.929842e+04 1.935187e+04 2.132473e+04 1.843541e-05
1.105000e+03 1.910902e+04 1.904743e+04 2.134117e+04 2.174136e-05
1.106000e+03 1.879571e+04 1.870405e+04 2.135754e+04 2.563583e-05
1.107000e+03 1.833898e+04 1.832649e+04 2.137385e+04 3.005122e-05
1.108000e+03 1.784235e+04 1.793454e+04 2.139009e+04 3.479802e-05
1.109000e+03 1.732583e+04 1.756426e+04 2.140626e+04 3.954668e-05
1.110000e+03 1.715302e+04 1.723685e+04 2.142237e+04 4.384721e-05
1.111000e+03 1.696222e+04 1.699708e+04 2.143842e+04 4.719738e-05
1.112000e+03 1.686572e+04 1.686418e+04 2.145439e+04 4.914970e-05
1.113000e+03 1.692175e+04 1.685920e+04 2.147030e+04 4.942520e-05
1.114000e+03 1.694070e+04 1.697719e+04 2.148615e+04 4.799143e-05
1.115000e+03 1.721930e+04 1.720949e+04 2.150193e+04 4.507199e-05
1.116000e+03 1.749625e+04 1.753225e+04 2.151764e+04 4.108365e-05
1.117000e+03 1.782580e+04 1.791092e+04 2.153329e+04 3.652752e-05
1.118000e+03 1.834804e+04 1.831593e+04 2.154887e+04 3.187667e-05
1.119000e+03 1.870623e+04 1.871754e+04 2.156438e+04 2.749651e-05
1.120000e+03 1.894705e+04 1.908622e+04 2.157983e+04 2.361333e-05
1.121000e+03 1.935161e+04 1.941135e+04 2.159521e+04 2.032482e-05
1.122000e+03 1.974954e+04 1.968786e+04 2.161053e+04 1.763422e-05
1.123000e+03 1.977290e+04 1.991727e+04 2.162578e+04 1.548969e-05
1.124000e+03 1.999203e+04 2.010229e+04 2.164096e+04 1.381669e-05
1.125000e+03 2.020609e+04 2.025288e+04 2.165608e+04 1.253930e-05
1.126000e+03 2.042190e+04 2.036750e+04 2.167113e+04 1.159148e-05
1.127000e+03 2.048498e+04 2.045134e+04 2.168612e+04 1.092142e-05
1.128000e+03 2.048666e+04 2.051008e+04 2.170103e+04 1.049232e-05
1.129000e+03 2.026820e+04 2.054975e+04 2.171589e+04 1.028153e-05
1.130000e+03 2.028922e+04 2.056374e+04 2.173067e+04 1.027994e-05
1.131000e+03 2.030961e+04 2.055201e+04 2.174539e+04 1.049192e-05
1.132000e+03 2.031895e+04 2.052107e+04 2.176005e+04 1.093679e-05
1.133000e+03 2.042220e+04 2.045844e+04 2.177464e+04 1.165200e-05
1.134000e+03 2.029113e+04 2.035849e+04 2.178916e+04 1.269899e-05
1.135000e+03 2.008533e+04 2.021620e+04 2.180362e+04 1.417273e-05
1.136000e+03 1.975249e+04 2.002131e+04 2.181801e+04 1.621596e-05
1.137000e+03 1.944302e+04 1.975337e+04 2.183233e+04 1.903759e-05
1.138000e+03 1.896207e+04 1.938437e+04 2.184659e+04 2.292901e-05
1.139000e+03 1.866035e+04 1.890443e+04 2.186078e+04 2.825902e-05
1.140000e+03 1.815617e+04 1.829044e+04 2.187491e+04 3.540610e-05
1.141000e+03 1.745990e+04 1.755635e+04 2.188897e+04 4.457613e-05
1.142000e+03 1.680188e+04 1.675615e+04 2.190296e+04 5.549271e-05
1.143000e+03 1.618417e+04 1.598414e+04 2.191689e+04 6.707644e-05
1.144000e+03 1.556975e+04 1.535507e+04 2.193075e+04 7.738549e-05
1.145000e+03 1.548066e+04 1.497387e+04 2.194455e+04 8.408222e-05
1.146000e+03 1.543769e+04 1.491273e+04 2.195828e+04 8.536485e-05
1.147000e+03 1.577062e+04 1.518052e+04 2.197194e+04 8.084540e-05
1.148000e+03 1.615019e+04 1.573510e+04 2.198554e+04 7.175233e-05
1.149000e+03 1.678407e+04 1.649250e+04 2.199907e+04 6.030328e-05
1.150000e+03 1.756015e+04 1.733887e+04 2.201253e+04 4.871364e-05
1.151000e+03 1.810278e+04 1.815627e+04 2.202593e+04 3.847856e-05
1.152000e+03 1.874490e+04 1.888101e+04 2.203926e+04 3.021029e-05
1.153000e+03 1.925949e+04 1.947588e+04 2.205253e+04 2.387872e-05
1.154000e+03 1.951329e+04 1.995263e+04 2.206573e+04 1.915077e-05
1.155000e+03 1.990199e+04 2.032221e+04 2.207886e+04 1.563545e-05
1.156000e+03 2.023495e+04 2.060962e+04 2.209193e+04 1.299822e-05
1.157000e+03 2.058132e+04 2.083983e+04 2.210493e+04 1.098850e-05
1.158000e+03 2.075710e+04 2.102203e+04 2.211787e+04 9.429257e-06
1.159000e+03 2.105919e+04 2.116702e+04 2.213074e+04 8.197856e-06
1.160000e+03 2.109516e+04 2.129349e+04 2.214354e+04 7.209213e-06
1.161000e+03 2.126961e+04 2.140079e+04 2.215628e+04 6.403586e-06
1.162000e+03 2.141220e+04 2.148836e+04 2.216895e+04 5.738312e-06
1.163000e+03 2.151847e+04 2.156264e+04 2.218156e+04 5.182406e-06
1.164000e+03 2.165660e+04 2.163032e+04 2.219410e+04 4.712953e-06
1.165000e+03 2.165874e+04 2.169130e+04 2.220657e+04 4.312794e-06
1.166000e+03 2.151065e+04 2.173845e+04 2.221898e+04 3.968801e-06
1.167000e+03 2.160671e+04 2.178569e+04 2.223132e+04 3.670848e-06
1.168000e+03 2.173438e+04 2.183301e+04 2.224359e+04 3.411016e-06
1.169000e+03 2.167036e+04 2.187333e+04 2.225580e+04 3.183035e-06
1.170000e+03 2.178771e+04 2.190657e+04 2.226795e+04 2.981896e-06
1.171000e+03 2.205244e+04 2.193981e+04 2.228002e+04 2.803555e-06
1.172000e+03 2.206949e+04 2.197306e+04 2.229203e+04 2.644722e-06
1.173000e+03 2.214751e+04 2.199914e+04 2.230398e+04 2.502691e-06
1.174000e+03 2.218830e+04 2.202519e+04 2.231586e+04 2.375231e-06
1.175000e+03 2.220171e+04 2.205121e+04 2.232767e+04 2.260484e-06
1.176000e+03 2.244751e+04 2.207720e+04 2.233941e+04 2.156895e-06
1.177000e+03 2.228654e+04 2.209595e+04 2.235109e+04 2.063157e-06
1.178000e+03 2.230375e+04 2.212186e+04 2.236271e+04 1.978162e-06
1.179000e+03 2.216124e+04 2.214050e+04 2.237425e+04 1.900974e-06
1.180000e+03 2.221900e+04 2.215910e+04 2.238574e+04 1.830793e-06
1.181000e+03 2.210130e+04 2.217764e+04 2.239715e+04 1.766939e-06
1.182000e+03 2.225762e+04 2.219613e+04 2.240850e+04 1.708829e-06
1.183000e+03 2.238190e+04 2.221457e+04 2.241978e+04 1.655967e-06
1.184000e+03 2.243297e+04 2.223295e+04 2.243100e+04 1.607928e-06
1.185000e+03 2.246062e+04 2.225128e+04 2.244215e+04 1.564355e-06
1.186000e+03 2.247239e+04 2.226227e+04 2.245324e+04 1.524943e-06
1.187000e+03 2.241266e+04 2.228048e+04 2.246426e+04 1.489440e-06
1.188000e+03 2.249657e+04 2.229864e+04 2.247521e+04 1.457640e-06
1.189000e+03 2.224233e+04 2.230945e+04 2.248610e+04 1.429378e-06
1.190000e+03 2.219130e+04 2.232018e+04 2.249692e+04 1.404532e-06
1.191000e+03 2.229956e+04 2.233816e+04 2.250767e+04 1.383019e-06
1.192000e+03 2.237015e+04 2.234877e+04 2.251836e+04 1.364794e-06
1.193000e+03 2.224241e+04 2.235931e+04 2.252898e+04 1.349853e-06
1.194000e+03 2.235055e+04 2.237712e+04 2.253954e+04 1.338236e-06
1.195000e+03 2.245455e+04 2.238753e+04 2.255003e+04 1.330028e-06
1.196000e+03 2.252733e+04 2.239788e+04 2.256045e+04 1.325366e-06
1.197000e+03 2.255159e+04 2.240816e+04 2.257081e+04 1.324448e-06
1.198000e+03 2.256274e+04 2.241838e+04 2.258110e+04 1.327540e-06
1.199000e+03 2.252926e+04 2.242853e+04 2.259133e+04 1.334991e-06
1.200000e+03 2.259351e+04 2.243127e+04 2.260148e+04 1.347251e-06
1.201000e+03 2.255913e+04 2.244129e+04 2.261158e+04 1.364894e-06
1.202000e+03 2.253651e+04 2.245124e+04 2.262161e+04 1.388651e-06
1.203000e+03 2.254991e+04 2.245377e+04 2.263157e+04 1.419453e-06
1.204000e+03 2.233937e+04 2.246359e+04 2.264146e+04 1.458483e-06
1.205000e+03 2.227908e+04 2.246599e+04 2.265129e+04 1.507267e-06
1.206000e+03 2.229049e+04 2.246832e+04 2.266105e+04 1.567768e-06
1.207000e+03 2.239546e+04 2.246324e+04 2.267075e+04 1.642551e-06
1.208000e+03 2.248187e+04 2.246544e+04 2.268038e+04 1.734987e-06
1.209000e+03 2.257148e+04 2.246023e+04 2.268995e+04 1.849572e-06
1.210000e+03 2.258319e+04 2.245496e+04 2.269944e+04 1.992355e-06
1.211000e+03 2.252518e+04 2.244232e+04 2.270888e+04 2.171582e-06
1.212000e+03 2.266174e+04 2.242234e+04 2.271824e+04 2.398602e-06
1.213000e+03 2.256996e+04 2.239505e+04 2.272754e+04 2.689128e-06
1.214000e+03 2.243533e+04 2.236054e+04 2.273678e+04 3.064858e-06
1.215000e+03 2.226930e+04 2.230442e+04 2.274594e+04 3.555135e-06
1.216000e+03 2.206393e+04 2.224139e+04 2.275504e+04 4.197454e-06
1.217000e+03 2.192985e+04 2.215022e+04 2.276408e+04 5.033674e-06
1.218000e+03 2.198226e+04 2.203163e+04 2.277305e+04 6.096052e-06
1.219000e+03 2.177222e+04 2.188656e+04 2.278195e+04 7.376868e-06
1.220000e+03 2.173342e+04 2.173659e+04 2.279079e+04 8.784770e-06
1.221000e+03 2.153303e+04 2.158871e+04 2.279956e+04 1.011443e-05
1.222000e+03 2.145593e+04 2.148954e+04 2.280827e+04 1.107590e-05
1.223000e+03 2.138641e+04 2.146432e+04 2.281691e+04 1.140540e-05
1.224000e+03 2.137769e+04 2.151245e+04 2.282548e+04 1.100325e-05
1.225000e+03 2.158607e+04 2.163483e+04 2.283398e+04 9.992517e-06
1.226000e+03 2.188772e+04 2.179956e+04 2.284243e+04 8.647143e-06
1.227000e+03 2.206201e+04 2.196663e+04 2.285080e+04 7.251986e-06
1.228000e+03 2.221698e+04 2.212195e+04 2.285911e+04 5.999879e-06
1.229000e+03 2.242300e+04 2.225785e+04 2.286735e+04 4.970999e-06
1.230000e+03 2.254046e+04 2.235915e+04 2.287553e+04 4.166781e-06
1.231000e+03 2.242454e+04 2.243944e+04 2.288364e+04 3.552929e-06
1.232000e+03 2.248619e+04 2.250557e+04 2.289168e+04 3.087824e-06
1.233000e+03 2.262327e+04 2.255732e+04 2.289966e+04 2.735024e-06
1.234000e+03 2.266846e+04 2.260184e+04 2.290757e+04 2.466355e-06
1.235000e+03 2.280594e+04 2.263168e+04 2.291542e+04 2.261165e-06
1.236000e+03 2.281999e+04 2.266152e+04 2.292320e+04 2.104648e-06
1.237000e+03 2.260791e+04 2.268394e+04 2.293091e+04 1.986262e-06
1.238000e+03 2.259906e+04 2.269891e+04 2.293856e+04 1.898539e-06
1.239000e+03 2.260068e+04 2.271383e+04 2.294614e+04 1.836216e-06
1.240000e+03 2.260185e+04 2.272869e+04 2.295365e+04 1.795651e-06
1.241000e+03 2.267292e+04 2.273607e+04 2.296110e+04 1.774452e-06
1.242000e+03 2.290478e+04 2.274338e+04 2.296848e+04 1.771202e-06
1.243000e+03 2.294756e+04 2.275062e+04 2.297580e+04 1.785332e-06
1.244000e+03 2.298262e+04 2.275780e+04 2.298305e+04 1.817034e-06
1.245000e+03 2.307308e+04 2.275748e+04 2.299024e+04 1.867305e-06
1.246000e+03 2.287807e+04 2.274967e+04 2.299736e+04 1.938005e-06
1.247000e+03 2.287413e+04 2.274922e+04 2.300441e+04 2.032039e-06
1.248000e+03 2.286495e+04 2.274129e+04 2.301139e+04 2.153683e-06
1.249000e+03 2.283572e+04 2.272590e+04 2.301831e+04 2.309074e-06
1.250000e+03 2.287518e+04 2.271047e+04 2.302517e+04 2.507049e-06
1.251000e+03 2.269951e+04 2.268764e+04 2.303196e+04 2.760492e-06
1.252000e+03 2.260239e+04 2.265009e+04 2.303868e+04 3.088667e-06
1.253000e+03 2.247983e+04 2.260531e+04 2.304533e+04 3.521132e-06
1.254000e+03 2.248933e+04 2.253883e+04 2.305192e+04 4.104289e-06
1.255000e+03 2.232031e+04 2.245106e+04 2.305845e+04 4.911672e-06
1.256000e+03 2.229349e+04 2.231399e+04 2.306490e+04 6.058269e-06
1.257000e+03 2.218780e+04 2.212946e+04 2.307129e+04 7.715943e-06
1.258000e+03 2.207358e+04 2.185200e+04 2.307762e+04 1.012078e-05
1.259000e+03 2.170217e+04 2.147552e+04 2.308388e+04 1.355404e-05
1.260000e+03 2.111836e+04 2.096645e+04 2.309007e+04 1.827430e-05
1.261000e+03 2.040542e+04 2.035017e+04 2.309620e+04 2.438893e-05
1.262000e+03 1.957562e+04 1.965280e+04 2.310226e+04 3.168842e-05
1.263000e+03 1.882257e+04 1.896078e+04 2.310825e+04 3.951746e-05
1.264000e+03 1.808138e+04 1.835930e+04 2.311418e+04 4.678623e-05
1.265000e+03 1.767863e+04 1.793623e+04 2.312004e+04 5.219134e-05
1.266000e+03 1.747898e+04 1.775891e+04 2.312584e+04 5.460882e-05
1.267000e+03 1.765918e+04 1.784469e+04 2.313157e+04 5.349674e-05
1.268000e+03 1.844135e+04 1.819169e+04 2.313723e+04 4.910521e-05
1.269000e+03 1.922533e+04 1.874557e+04 2.314283e+04 4.237829e-05
1.270000e+03 1.960882e+04 1.942489e+04 2.314837e+04 3.460249e-05
1.271000e+03 2.007388e+04 2.014330e+04 2.315383e+04 2.698629e-05
1.272000e+03 2.062502e+04 2.081104e+04 2.315923e+04 2.036187e-05
1.273000e+03 2.120767e+04 2.137996e+04 2.316456e+04 1.509802e-05
1.274000e+03 2.151654e+04 2.181664e+04 2.316983e+04 1.118794e-05
1.275000e+03 2.185831e+04 2.214487e+04 2.317503e+04 8.412191e-06
1.276000e+03 2.210873e+04 2.237551e+04 2.318017e+04 6.486742e-06
1.277000e+03 2.234588e+04 2.254554e+04 2.318524e+04 5.153842e-06
1.278000e+03 2.251313e+04 2.265945e+04 2.319024e+04 4.217034e-06
1.279000e+03 2.248833e+04 2.275229e+04 2.319518e+04 3.541248e-06
1.280000e+03 2.266210e+04 2.281614e+04 2.320005e+04 3.038907e-06
1.281000e+03 2.274839e+04 2.286538e+04 2.320485e+04 2.654538e-06
1.282000e+03 2.295902e+04 2.291474e+04 2.320959e+04 2.352902e-06
1.283000e+03 2.331596e+04 2.294926e+04 2.321426e+04 2.111130e-06
1.284000e+03 2.324635e+04 2.297629e+04 2.321887e+04 1.913923e-06
1.285000e+03 2.318203e+04 2.300332e+04 2.322341e+04 1.750702e-06
1.286000e+03 2.311130e+04 2.302279e+04 2.322788e+04 1.613942e-06
1.287000e+03 2.313049e+04 2.304224e+04 2.323229e+04 1.498161e-06
1.288000e+03 2.290113e+04 2.306163e+04 2.323663e+04 1.399247e-06
1.289000e+03 2.303462e+04 2.307343e+04 2.324091e+04 1.314087e-06
1.290000e+03 2.294503e+04 2.308518e+04 2.324512e+04 1.240267e-06
1.291000e+03 2.301460e+04 2.309686e+04 2.324926e+04 1.175897e-06
1.292000e+03 2.323225e+04 2.310848e+04 2.325334e+04 1.119479e-06
1.293000e+03 2.323513e+04 2.312005e+04 2.325735e+04 1.069814e-06
1.294000e+03 2.326902e+04 2.313156e+04 2.326130e+04 1.025913e-06
1.295000e+03 2.321468e+04 2.313542e+04 2.326518e+04 9.869925e-07
1.296000e+03 2.327903e+04 2.314680e+04 2.326899e+04 9.523816e-07
1.297000e+03 2.332588e+04 2.315813e+04 2.327273e+04 9.215419e-07
1.298000e+03 2.322006e+04 2.316179e+04 2.327642e+04 8.940140e-07
1.299000e+03 2.329951e+04 2.316539e+04 2.328003e+04 8.694140e-07
1.300000e+03 2.331615e+04 2.317653e+04 2.328358e+04 8.474173e-07
1.301000e+03 2.334135e+04 2.317999e+04 2.328706e+04 8.277479e-07
1.302000e+03 2.323026e+04 2.318339e+04 2.329048e+04 8.101711e-07
1.303000e+03 2.322203e+04 2.319435e+04 2.329383e+04 7.944852e-07
1.304000e+03 2.331217e+04 2.319762e+04 2.329711e+04 7.805176e-07
1.305000e+03 2.322348e+04 2.320082e+04 2.330033e+04 7.681193e-07
1.306000e+03 2.341119e+04 2.320396e+04 2.330348e+04 7.571642e-07
1.307000e+03 2.347396e+04 2.320703e+04 2.330657e+04 7.475370e-07
1.308000e+03 2.344417e+04 2.321767e+04 2.330959e+04 7.391441e-07
1.309000e+03 2.332804e+04 2.322061e+04 2.331254e+04 7.319024e-07
1.310000e+03 2.318674e+04 2.322349e+04 2.331543e+04 7.257406e-07
1.311000e+03 2.315651e+04 2.322629e+04 2.331825e+04 7.205973e-07
1.312000e+03 2.315846e+04 2.322904e+04 2.332101e+04 7.164195e-07
1.313000e+03 2.333975e+04 2.323172e+04 2.332370e+04 7.131623e-07
1.314000e+03 2.322630e+04 2.323433e+04 2.332632e+04 7.107880e-07
1.315000e+03 2.327188e+04 2.323688e+04 2.332888e+04 7.092647e-07
1.316000e+03 2.328380e+04 2.323936e+04 2.333137e+04 7.085667e-07
1.317000e+03 2.319235e+04 2.324178e+04 2.333379e+04 7.086732e-07
1.318000e+03 2.337804e+04 2.324412e+04 2.333615e+04 7.095686e-07
1.319000e+03 2.343974e+04 2.324641e+04 2.333844e+04 7.112415e-07
1.320000e+03 2.346276e+04 2.324863e+04 2.334067e+04 7.136851e-07
1.321000e+03 2.348790e+04 2.325078e+04 2.334283e+04 7.168968e-07
1.322000e+03 2.350603e+04 2.325286e+04 2.334492e+04 7.208777e-07
1.323000e+03 2.329718e+04 2.325488e+04 2.334695e+04 7.256328e-07
1.324000e+03 2.334365e+04 2.325684e+04 2.334891e+04 7.311714e-07
1.325000e+03 2.334236e+04 2.325873e+04 2.335081e+04 7.375063e-07
1.326000e+03 2.338630e+04 2.326055e+04 2.335264e+04 7.446541e-07
1.327000e+03 2.333265e+04 2.325466e+04 2.335440e+04 7.526359e-07
1.328000e+03 2.340889e+04 2.325635e+04 2.335610e+04 7.614764e-07
1.329000e+03 2.338281e+04 2.325798e+04 2.335773e+04 7.712047e-07
1.330000e+03 2.334716e+04 2.325954e+04 2.335930e+04 7.818547e-07
1.331000e+03 2.333003e+04 2.326103e+04 2.336079e+04 7.934650e-07
1.332000e+03 2.339626e+04 2.325482e+04 2.336223e+04 8.060792e-07
1.333000e+03 2.336758e+04 2.325618e+04 2.336360e+04 8.197464e-07
1.334000e+03 2.318419e+04 2.325747e+04 2.336490e+04 8.345219e-07
1.335000e+03 2.315884e+04 2.325870e+04 2.336613e+04 8.504670e-07
1.336000e+03 2.326118e+04 2.325223e+04 2.336730e+04 8.676507e-07
1.337000e+03 2.333095e+04 2.325333e+04 2.336840e+04 8.861491e-07
1.338000e+03 2.331831e+04 2.325436e+04 2.336944e+04 9.060474e-07
1.339000e+03 2.340455e+04 2.324769e+04 2.337041e+04 9.274405e-07
1.340000e+03 2.333364e+04 2.324859e+04 2.337131e+04 9.504330e-07
1.341000e+03 2.331197e+04 2.324942e+04 2.337215e+04 9.751419e-07
1.342000e+03 2.347623e+04 2.324256e+04 2.337292e+04 1.001698e-06
1.343000e+03 2.359690e+04 2.324326e+04 2.337363e+04 1.030245e-06
1.344000e+03 2.334830e+04 2.323628e+04 2.337427e+04 1.060945e-06
1.345000e+03 2.325193e+04 2.323685e+04 2.337484e+04 1.093979e-06
1.346000e+03 2.315623e+04 2.322973e+04 2.337535e+04 1.129549e-06
1.347000e+03 2.314626e+04 2.322256e+04 2.337579e+04 1.167882e-06
1.348000e+03 2.326785e+04 2.322293e+04 2.337617e+04 1.209231e-06
1.349000e+03 2.342241e+04 2.321563e+04 2.337648e+04 1.253883e-06
1.350000e+03 2.347193e+04 2.320827e+04 2.337672e+04 1.302162e-06
1.351000e+03 2.344225e+04 2.320084e+04 2.337690e+04 1.354433e-06
1.352000e+03 2.339070e+04 2.319336e+04 2.337701e+04 1.411112e-06
1.353000e+03 2.328110e+04 2.318581e+04 2.337705e+04 1.472670e-06
1.354000e+03 2.328188e+04 2.317821e+04 2.337703e+04 1.539648e-06
1.355000e+03 2.331158e+04 2.317054e+04 2.337694e+04 1.612663e-06
1.356000e+03 2.324713e+04 2.316281e+04 2.337679e+04 1.692426e-06
1.357000e+03 2.329337e+04 2.314746e+04 2.337657e+04 1.779758e-06
1.358000e+03 2.301940e+04 2.313962e+04 2.337629e+04 1.875608e-06
1.359000e+03 2.302462e+04 2.312417e+04 2.337593e+04 1.981084e-06
1.360000e+03 2.313185e+04 2.310867e+04 2.337552e+04 2.097481e-06
1.361000e+03 2.322533e+04 2.309313e+04 2.337503e+04 2.226319e-06
1.362000e+03 2.311284e+04 2.307003e+04 2.337448e+04 2.369397e-06
1.363000e+03 2.334724e+04 2.305440e+04 2.337387e+04 2.528851e-06
1.364000e+03 2.323359e+04 2.303125e+04 2.337318e+04 2.707235e-06
1.365000e+03 2.314113e+04 2.300060e+04 2.337243e+04 2.907623e-06
1.366000e+03 2.305001e+04 2.296997e+04 2.337162e+04 3.133738e-06
1.367000e+03 2.296857e+04 2.293935e+04 2.337074e+04 3.390137e-06
1.368000e+03 2.296010e+04 2.290134e+04 2.336979e+04 3.682409e-06
1.369000e+03 2.278644e+04 2.286339e+04 2.336878e+04 4.017482e-06
1.370000e+03 2.271098e+04 2.281079e+04 2.336770e+04 4.404069e-06
1.371000e+03 2.268687e+04 2.275836e+04 2.336655e+04 4.853186e-06
1.372000e+03 2.261270e+04 2.269156e+04 2.336534e+04 5.378877e-06
1.373000e+03 2.251060e+04 2.261063e+04 2.336407e+04 5.999342e-06
1.374000e+03 2.252587e+04 2.252303e+04 2.336272e+04 6.738338e-06
1.375000e+03 2.239219e+04 2.241473e+04 2.336131e+04 7.627242e-06
1.376000e+03 2.230561e+04 2.228633e+04 2.335984e+04 8.707898e-06
1.377000e+03 2.222551e+04 2.213160e+04 2.335830e+04 1.003639e-05
1.378000e+03 2.199367e+04 2.193806e+04 2.335669e+04 1.168791e-05
1.379000e+03 2.174641e+04 2.170112e+04 2.335501e+04 1.376207e-05
1.380000e+03 2.141833e+04 2.141070e+04 2.335327e+04 1.638702e-05
1.381000e+03 2.106810e+04 2.105244e+04 2.335147e+04 1.971823e-05
1.382000e+03 2.062254e+04 2.062139e+04 2.334960e+04 2.392473e-05
1.383000e+03 2.002695e+04 2.010419e+04 2.334766e+04 2.915332e-05
1.384000e+03 1.953974e+04 1.951480e+04 2.334565e+04 3.546311e-05
1.385000e+03 1.893759e+04 1.887791e+04 2.334358e+04 4.273484e-05
1.386000e+03 1.832948e+04 1.823400e+04 2.334145e+04 5.058061e-05
1.387000e+03 1.761692e+04 1.764561e+04 2.333924e+04 5.830368e-05
1.388000e+03 1.702657e+04 1.716437e+04 2.333697e+04 6.496212e-05
1.389000e+03 1.654482e+04 1.684785e+04 2.333464e+04 6.955872e-05
1.390000e+03 1.673282e+04 1.673054e+04 2.333224e+04 7.131264e-05
1.391000e+03 1.703764e+04 1.682030e+04 2.332977e+04 6.990718e-05
1.392000e+03 1.727506e+04 1.711568e+04 2.332724e+04 6.559691e-05
1.393000e+03 1.755380e+04 1.757320e+04 2.332464e+04 5.912129e-05
1.394000e+03 1.814335e+04 1.815329e+04 2.332197e+04 5.146744e-05
1.395000e+03 1.879430e+04 1.878804e+04 2.331924e+04 4.359509e-05
1.396000e+03 1.943533e+04 1.942076e+04 2.331644e+04 3.623397e-05
1.397000e+03 2.008565e+04 2.001231e+04 2.331358e+04 2.980610e-05
1.398000e+03 2.055313e+04 2.053315e+04 2.331065e+04 2.445676e-05
1.399000e+03 2.096028e+04 2.096928e+04 2.330765e+04 2.014198e-05
1.400000e+03 2.123415e+04 2.132736e+04 2.330459e+04 1.672099e-05
1.401000e+03 2.155393e+04 2.162484e+04 2.330146e+04 1.402498e-05
1.402000e+03 2.173430e+04 2.185610e+04 2.329827e+04 1.189591e-05
1.403000e+03 2.202164e+04 2.205096e+04 2.329501e+04 1.020240e-05
1.404000e+03 2.215606e+04 2.220732e+04 2.329168e+04 8.841783e-06
1.405000e+03 2.219581e+04 2.233053e+04 2.328829e+04 7.736370e-06
1.406000e+03 2.226466e+04 2.243367e+04 2.328483e+04 6.828215e-06
1.407000e+03 2.234809e+04 2.252334e+04 2.328130e+04 6.074082e-06
1.408000e+03 2.242500e+04 2.259921e+04 2.327771e+04 5.441579e-06
1.409000e+03 2.248457e+04 2.266099e+04 2.327405e+04 4.906207e-06
1.410000e+03 2.263263e+04 2.270843e+04 2.327033e+04 4.449236e-06
1.411000e+03 2.266268e+04 2.275601e+04 2.326654e+04 4.056213e-06
1.412000e+03 2.287431e+04 2.279638e+04 2.326269e+04 3.715812e-06
1.413000e+03 2.293916e+04 2.282944e+04 2.325877e+04 3.419123e-06
1.414000e+03 2.290401e+04 2.285513e+04 2.325478e+04 3.159006e-06
1.415000e+03 2.277023e+04 2.288082e+04 2.325072e+04 2.929761e-06
1.416000e+03 2.277514e+04 2.289908e+04 2.324660e+04 2.726723e-06
1.417000e+03 2.297847e+04 2.291729e+04 2.324242e+04 2.546086e-06
1.418000e+03 2.301028e+04 2.293549e+04 2.323816e+04 2.384714e-06
1.419000e+03 2.299577e+04 2.294617e+04 2.323385e+04 2.240002e-06
1.420000e+03 2.299087e+04 2.296429e+04 2.322946e+04 2.109771e-06
1.421000e+03 2.304964e+04 2.297487e+04 2.322501e+04 1.992190e-06
1.422000e+03 2.313017e+04 2.297790e+04 2.322049e+04 1.885713e-06
1.423000e+03 2.312603e+04 2.298838e+04 2.321591e+04 1.789024e-06
1.424000e+03 2.322003e+04 2.299129e+04 2.321126e+04 1.700999e-06
1.425000e+03 2.302729e+04 2.300165e+04 2.320655e+04 1.620673e-06
1.426000e+03 2.294358e+04 2.300444e+04 2.320177e+04 1.547216e-06
1.427000e+03 2.285481e+04 2.300715e+04 2.319692e+04 1.479909e-06
1.428000e+03 2.304156e+04 2.300981e+04 2.319201e+04 1.418128e-06
1.429000e+03 2.308051e+04 2.301240e+04 2.318703e+04 1.361328e-06
1.430000e+03 2.310217e+04 2.301493e+04 2.318198e+04 1.309036e-06
1.431000e+03 2.292732e+04 2.301740e+04 2.317687e+04 1.260834e-06
1.432000e+03 2.288473e+04 2.301980e+04 2.317169e+04 1.216358e-06
1.433000e+03 2.283009e+04 2.301459e+04 2.316645e+04 1.175285e-06
1.434000e+03 2.291649e+04 2.301686e+04 2.316114e+04 1.137331e-06
1.435000e+03 2.291532e+04 2.301906e+04 2.315576e+04 1.102247e-06
1.436000e+03 2.303682e+04 2.301365e+04 2.315032e+04 1.069810e-06
1.437000e+03 2.307188e+04 2.301572e+04 2.314481e+04 1.039824e-06
1.438000e+03 2.305062e+04 2.301018e+04 2.313924e+04 1.012121e-06
1.439000e+03 2.293787e+04 2.300457e+04 2.313360e+04 9.865454e-07
1.440000e+03 2.298606e+04 2.300645e+04 2.312789e+04 9.629648e-07
1.441000e+03 2.311526e+04 2.300070e+04 2.312212e+04 9.412624e-07
1.442000e+03 2.319835e+04 2.300244e+04 2.311628e+04 9.213368e-07
1.443000e+03 2.308873e+04 2.299657e+04 2.311038e+04 9.031008e-07
1.444000e+03 2.309900e+04 2.299063e+04 2.310440e+04 8.864807e-07
1.445000e+03 2.319097e+04 2.298462e+04 2.309837e+04 8.714154e-07
1.446000e+03 2.311412e+04 2.298609e+04 2.309226e+04 8.578562e-07
1.447000e+03 2.294478e+04 2.297995e+04 2.308609e+04 8.457664e-07
1.448000e+03 2.290613e+04 2.297374e+04 2.307986e+04 8.351214e-07
1.449000e+03 2.297716e+04 2.296747e+04 2.307356e+04 8.259088e-07
1.450000e+03 2.289857e+04 2.296113e+04 2.306719e+04 8.181296e-07
1.451000e+03 2.283849e+04 2.295473e+04 2.306076e+04 8.117979e-07
1.452000e+03 2.279711e+04 2.294826e+04 2.305426e+04 8.069429e-07
1.453000e+03 2.299290e+04 2.294926e+04 2.304769e+04 8.036104e-07
1.454000e+03 2.303026e+04 2.294265e+04 2.304106e+04 8.018648e-07
1.455000e+03 2.294254e+04 2.293599e+04 2.303436e+04 8.017910e-07
1.456000e+03 2.284412e+04 2.292925e+04 2.302759e+04 8.034994e-07
1.457000e+03 2.286130e+04 2.291492e+04 2.302076e+04 8.071287e-07
1.458000e+03 2.288406e+04 2.290806e+04 2.301387e+04 8.128521e-07
1.459000e+03 2.284690e+04 2.290113e+04 2.300690e+04 8.208847e-07
1.460000e+03 2.275879e+04 2.289413e+04 2.299988e+04 8.314915e-07
1.461000e+03 2.263761e+04 2.288707e+04 2.299278e+04 8.450003e-07
1.462000e+03 2.281305e+04 2.287994e+04 2.298562e+04 8.618152e-07
1.463000e+03 2.295895e+04 2.286524e+04 2.297839e+04 8.824369e-07
1.464000e+03 2.285371e+04 2.285798e+04 2.297110e+04 9.074876e-07
1.465000e+03 2.300130e+04 2.284316e+04 2.296374e+04 9.377441e-07
1.466000e+03 2.294111e+04 2.283577e+04 2.295632e+04 9.741809e-07
1.467000e+03 2.278482e+04 2.282083e+04 2.294882e+04 1.018028e-06
1.468000e+03 2.291628e+04 2.280583e+04 2.294127e+04 1.070847e-06
1.469000e+03 2.293981e+04 2.279078e+04 2.293364e+04 1.134630e-06
1.470000e+03 2.295022e+04 2.277567e+04 2.292595e+04 1.211932e-06
1.471000e+03 2.281486e+04 2.275305e+04 2.291820e+04 1.306043e-06
1.472000e+03 2.275529e+04 2.273039e+04 2.291038e+04 1.421189e-06
1.473000e+03 2.271474e+04 2.270770e+04 2.290249e+04 1.562784e-06
1.474000e+03 2.269286e+04 2.267756e+04 2.289453e+04 1.737646e-06
1.475000e+03 2.263135e+04 2.264002e+04 2.288651e+04 1.954083e-06
1.476000e+03 2.262425e+04 2.260251e+04 2.287843e+04 2.221527e-06
1.477000e+03 2.260551e+04 2.255036e+04 2.287027e+04 2.549030e-06
1.478000e+03 2.250354e+04 2.249834e+04 2.286205e+04 2.941420e-06
1.479000e+03 2.238977e+04 2.243192e+04 2.285377e+04 3.391417e-06
1.480000e+03 2.228340e+04 2.236578e+04 2.284542e+04 3.867124e-06
1.481000e+03 2.225196e+04 2.230711e+04 2.283700e+04 4.300327e-06
1.482000e+03 2.230078e+04 2.226295e+04 2.282852e+04 4.592269e-06
1.483000e+03 2.206965e+04 2.224745e+04 2.281997e+04 4.654324e-06
1.484000e+03 2.214722e+04 2.226053e+04 2.281135e+04 4.465101e-06
1.485000e+03 2.226937e+04 2.229513e+04 2.280267e+04 4.086539e-06
1.486000e+03 2.244070e+04 2.234424e+04 2.279392e+04 3.619662e-06
1.487000e+03 2.261003e+04 2.239354e+04 2.278511e+04 3.150199e-06
1.488000e+03 2.253266e+04 2.243573e+04 2.277623e+04 2.726784e-06
1.489000e+03 2.250428e+04 2.247074e+04 2.276729e+04 2.366894e-06
1.490000e+03 2.246813e+04 2.249848e+04 2.275827e+04 2.070291e-06
1.491000e+03 2.247974e+04 2.251888e+04 2.274920e+04 1.829276e-06
1.492000e+03 2.225831e+04 2.253927e+04 2.274005e+04 1.634304e-06
1.493000e+03 2.236361e+04 2.254489e+04 2.273084e+04 1.476425e-06
1.494000e+03 2.236671e+04 2.255045e+04 2.272156e+04 1.348083e-06
1.495000e+03 2.247548e+04 2.255595e+04 2.271222e+04 1.243203e-06
1.496000e+03 2.251294e+04 2.256138e+04 2.270281e+04 1.157006e-06
1.497000e+03 2.240644e+04 2.255937e+04 2.269334e+04 1.085773e-06
1.498000e+03 2.239404e+04 2.255728e+04 2.268380e+04 1.026611e-06
1.499000e+03 2.233679e+04 2.255513e+04 2.267419e+04 9.772654e-07
1.500000e+03 2.241674e+04 2.254551e+04 2.266452e+04 9.359758e-07
1.501000e+03 2.237914e+04 2.254321e+04 2.265478e+04 9.013558e-07
1.502000e+03 2.252882e+04 2.253346e+04 2.264497e+04 8.723085e-07
1.503000e+03 2.251799e+04 2.253103e+04 2.263510e+04 8.479609e-07
1.504000e+03 2.251342e+04 2.252114e+04 2.262516e+04 8.276130e-07
1.505000e+03 2.248575e+04 2.251118e+04 2.261516e+04 8.107010e-07
1.506000e+03 2.261649e+04 2.250855e+04 2.260509e+04 7.967686e-07
1.507000e+03 2.255284e+04 2.249846e+04 2.259496e+04 7.854440e-07
1.508000e+03 2.258345e+04 2.248830e+04 2.258475e+04 7.764240e-07
1.509000e+03 2.248047e+04 2.247807e+04 2.257448e+04 7.694604e-07
1.510000e+03 2.239732e+04 2.246779e+04 2.256415e+04 7.643494e-07
1.511000e+03 2.243247e+04 2.245743e+04 2.255375e+04 7.609245e-07
1.512000e+03 2.231790e+04 2.244701e+04 2.254328e+04 7.590493e-07
1.513000e+03 2.218422e+04 2.243652e+04 2.253275e+04 7.586129e-07
1.514000e+03 2.225100e+04 2.242597e+04 2.252215e+04 7.595261e-07
1.515000e+03 2.232908e+04 2.241535e+04 2.251149e+04 7.617178e-07
1.516000e+03 2.221649e+04 2.240466e+04 2.250076e+04 7.651331e-07
1.517000e+03 2.219351e+04 2.239391e+04 2.248996e+04 7.697309e-07
1.518000e+03 2.239548e+04 2.238310e+04 2.247910e+04 7.754825e-07
1.519000e+03 2.260303e+04 2.237221e+04 2.246817e+04 7.823703e-07
1.520000e+03 2.253356e+04 2.236126e+04 2.245717e+04 7.903872e-07
1.521000e+03 2.247181e+04 2.235025e+04 2.244611e+04 7.995355e-07
1.522000e+03 2.254572e+04 2.233183e+04 2.243498e+04 8.098273e-07
1.523000e+03 2.236447e+04 2.232069e+04 2.242379e+04 8.212829e-07
1.524000e+03 2.221532e+04 2.230948e+04 2.241253e+04 8.339321e-07
1.525000e+03 2.211652e+04 2.229821e+04 2.240121e+04 8.478171e-07
1.526000e+03 2.216326e+04 2.228687e+04 2.238981e+04 8.629790e-07
1.527000e+03 2.218895e+04 2.226815e+04 2.237836e+04 8.794784e-07
1.528000e+03 2.222233e+04 2.225669e+04 2.236683e+04 8.973833e-07
1.529000e+03 2.205513e+04 2.224515e+04 2.235524e+04 9.167723e-07
1.530000e+03 2.212668e+04 2.222626e+04 2.234358e+04 9.377366e-07
1.531000e+03 2.221015e+04 2.221460e+04 2.233186e+04 9.603799e-07
1.532000e+03 2.218510e+04 2.219558e+04 2.232007e+04 9.848213e-07
1.533000e+03 2.213046e+04 2.218379e+04 2.230822e+04 1.011196e-06
1.534000e+03 2.212726e+04 2.217194e+04 2.229630e+04 1.039656e-06
1.535000e+03 2.209223e+04 2.215275e+04 2.228431e+04 1.070378e-06
1.536000e+03 2.208028e+04 2.213351e+04 2.227226e+04 1.103558e-06
1.537000e+03 2.198365e+04 2.212147e+04 2.226014e+04 1.139422e-06
1.538000e+03 2.191900e+04 2.210211e+04 2.224795e+04 1.178227e-06
1.539000e+03 2.196351e+04 2.208994e+04 2.223570e+04 1.220267e-06
1.540000e+03 2.207577e+04 2.207047e+04 2.222338e+04 1.265877e-06
1.541000e+03 2.197588e+04 2.205095e+04 2.221100e+04 1.315442e-06
1.542000e+03 2.197001e+04 2.203137e+04 2.219855e+04 1.369407e-06
1.543000e+03 2.192474e+04 2.201174e+04 2.218604e+04 1.428284e-06
1.544000e+03 2.205793e+04 2.199206e+04 2.217345e+04 1.492670e-06
1.545000e+03 2.201689e+04 2.197233e+04 2.216081e+04 1.563257e-06
1.546000e+03 2.182484e+04 2.194536e+04 2.214809e+04 1.640858e-06
1.547000e+03 2.175289e+04 2.192554e+04 2.213531e+04 1.726431e-06
1.548000e+03 2.155930e+04 2.189849e+04 2.212246e+04 1.821103e-06
1.549000e+03 2.152980e+04 2.187857e+04 2.210955e+04 1.926222e-06
1.550000e+03 2.157913e+04 2.185146e+04 2.209657e+04 2.043397e-06
1.551000e+03 2.151988e+04 2.182432e+04 2.208353e+04 2.174568e-06
1.552000e+03 2.151001e+04 2.179005e+04 2.207042e+04 2.322093e-06
1.553000e+03 2.146019e+04 2.175578e+04 2.205724e+04 2.488855e-06
1.554000e+03 2.137646e+04 2.172151e+04 2.204400e+04 2.678408e-06
1.555000e+03 2.127628e+04 2.168020e+04 2.203069e+04 2.895182e-06
1.556000e+03 2.128359e+04 2.163894e+04 2.201731e+04 3.144746e-06
1.557000e+03 2.138718e+04 2.159072e+04 2.200387e+04 3.434184e-06
1.558000e+03 2.128084e+04 2.154260e+04 2.199037e+04 3.772608e-06
1.559000e+03 2.109651e+04 2.148070e+04 2.197679e+04 4.171901e-06
1.560000e+03 2.115665e+04 2.141213e+04 2.196315e+04 4.647778e-06
1.561000e+03 2.113733e+04 2.133016e+04 2.194945e+04 5.221365e-06
1.562000e+03 2.115082e+04 2.124186e+04 2.193568e+04 5.921544e-06
1.563000e+03 2.101367e+04 2.112721e+04 2.192184e+04 6.788617e-06
1.564000e+03 2.094381e+04 2.099366e+04 2.190793e+04 7.879911e-06
1.565000e+03 2.092251e+04 2.082228e+04 2.189396e+04 9.278938e-06
1.566000e+03 2.073559e+04 2.061488e+04 2.187993e+04 1.110999e-05
1.567000e+03 2.032817e+04 2.033609e+04 2.186583e+04 1.356170e-05
1.568000e+03 1.987330e+04 1.997960e+04 2.185166e+04 1.692245e-05
1.569000e+03 1.941505e+04 1.950183e+04 2.183742e+04 2.162446e-05
1.570000e+03 1.893858e+04 1.887186e+04 2.182312e+04 2.826470e-05
1.571000e+03 1.837100e+04 1.806075e+04 2.180876e+04 3.750128e-05
1.572000e+03 1.733549e+04 1.709591e+04 2.179432e+04 4.964386e-05
1.573000e+03 1.657346e+04 1.609328e+04 2.177982e+04 6.385962e-05
1.574000e+03 1.575183e+04 1.523568e+04 2.176526e+04 7.745648e-05
1.575000e+03 1.537154e+04 1.471894e+04 2.175063e+04 8.632741e-05
1.576000e+03 1.528635e+04 1.466643e+04 2.173593e+04 8.708579e-05
1.577000e+03 1.532327e+04 1.508636e+04 2.172117e+04 7.942798e-05
1.578000e+03 1.581771e+04 1.587642e+04 2.170634e+04 6.636381e-05
1.579000e+03 1.650822e+04 1.684087e+04 2.169144e+04 5.206428e-05
1.580000e+03 1.723543e+04 1.778598e+04 2.167648e+04 3.953207e-05
1.581000e+03 1.780958e+04 1.858886e+04 2.166145e+04 2.987292e-05
1.582000e+03 1.830997e+04 1.921233e+04 2.164636e+04 2.290294e-05
1.583000e+03 1.888999e+04 1.967121e+04 2.163120e+04 1.798256e-05
1.584000e+03 1.937543e+04 2.001161e+04 2.161597e+04 1.449214e-05
1.585000e+03 1.959882e+04 2.025732e+04 2.160068e+04 1.197241e-05
1.586000e+03 1.995753e+04 2.043896e+04 2.158532e+04 1.011458e-05
1.587000e+03 2.023151e+04 2.057864e+04 2.156990e+04 8.716675e-06
1.588000e+03 2.035367e+04 2.068104e+04 2.155440e+04 7.645943e-06
1.589000e+03 2.053597e+04 2.075811e+04 2.153885e+04 6.813657e-06
1.590000e+03 2.055455e+04 2.081586e+04 2.152322e+04 6.159221e-06
1.591000e+03 2.053780e+04 2.085392e+04 2.150754e+04 5.640354e-06
1.592000e+03 2.048567e+04 2.088541e+04 2.149178e+04 5.226941e-06
1.593000e+03 2.036385e+04 2.091026e+04 2.147596e+04 4.897179e-06
1.594000e+03 2.065387e+04 2.092167e+04 2.146007e+04 4.635039e-06
1.595000e+03 2.067206e+04 2.093305e+04 2.144412e+04 4.428593e-06
1.596000e+03 2.087154e+04 2.093090e+04 2.142810e+04 4.268885e-06
1.597000e+03 2.081594e+04 2.092867e+04 2.141201e+04 4.149166e-06
1.598000e+03 2.077518e+04 2.092638e+04 2.139586e+04 4.064344e-06
1.599000e+03 2.091722e+04 2.091727e+04 2.137964e+04 4.010617e-06
1.600000e+03 2.089526e+04 2.090134e+04 2.136336e+04 3.985194e-06
1.601000e+03 2.080580e+04 2.088534e+04 2.134701e+04 3.986110e-06
1.602000e+03 2.073247e+04 2.086928e+04 2.133060e+04 4.012091e-06
1.603000e+03 2.082372e+04 2.084643e+04 2.131411e+04 4.062464e-06
1.604000e+03 2.089236e+04 2.082352e+04 2.129756e+04 4.137098e-06
1.605000e+03 2.089787e+04 2.079386e+04 2.128095e+04 4.236376e-06
1.606000e+03 2.078670e+04 2.076417e+04 2.126427e+04 4.361187e-06
1.607000e+03 2.073165e+04 2.072779e+04 2.124752e+04 4.512942e-06
1.608000e+03 2.081930e+04 2.069141e+04 2.123071e+04 4.693611e-06
1.609000e+03 2.066721e+04 2.065503e+04 2.121383e+04 4.905788e-06
1.610000e+03 2.052172e+04 2.061205e+04 2.119689e+04 5.152781e-06
1.611000e+03 2.030353e+04 2.056252e+04 2.117988e+04 5.438731e-06
1.612000e+03 2.041817e+04 2.050653e+04 2.116280e+04 5.768785e-06
1.613000e+03 2.037983e+04 2.045070e+04 2.114565e+04 6.149308e-06
1.614000e+03 2.037654e+04 2.038202e+04 2.112845e+04 6.588180e-06
1.615000e+03 2.033415e+04 2.031363e+04 2.111117e+04 7.095171e-06
1.616000e+03 2.036803e+04 2.023272e+04 2.109383e+04 7.682454e-06
1.617000e+03 2.019738e+04 2.014589e+04 2.107642e+04 8.365289e-06
1.618000e+03 2.004842e+04 2.004071e+04 2.105895e+04 9.162940e-06
1.619000e+03 2.007242e+04 1.993016e+04 2.104141e+04 1.009993e-05
1.620000e+03 1.998111e+04 1.979594e+04 2.102380e+04 1.120776e-05
1.621000e+03 1.982177e+04 1.964504e+04 2.100613e+04 1.252730e-05
1.622000e+03 1.951588e+04 1.946628e+04 2.098839e+04 1.411211e-05
1.623000e+03 1.926106e+04 1.926116e+04 2.097058e+04 1.603301e-05
1.624000e+03 1.885972e+04 1.901997e+04 2.095271e+04 1.838465e-05
1.625000e+03 1.872521e+04 1.872884e+04 2.093478e+04 2.129404e-05
1.626000e+03 1.837052e+04 1.838178e+04 2.091678e+04 2.493185e-05
1.627000e+03 1.807642e+04 1.796483e+04 2.089871e+04 2.952493e-05
1.628000e+03 1.769562e+04 1.746386e+04 2.088057e+04 3.536575e-05
1.629000e+03 1.710133e+04 1.686686e+04 2.086237e+04 4.280670e-05
1.630000e+03 1.632332e+04 1.617058e+04 2.084410e+04 5.221465e-05
1.631000e+03 1.533716e+04 1.538833e+04 2.082577e+04 6.384992e-05
1.632000e+03 1.450316e+04 1.455172e+04 2.080737e+04 7.764145e-05
1.633000e+03 1.368759e+04 1.373092e+04 2.078890e+04 9.288880e-05
1.634000e+03 1.276282e+04 1.299917e+04 2.077037e+04 1.080370e-04
1.635000e+03 1.219111e+04 1.243793e+04 2.075178e+04 1.207670e-04
1.636000e+03 1.185769e+04 1.211296e+04 2.073311e+04 1.285720e-04
1.637000e+03 1.214239e+04 1.206018e+04 2.071438e+04 1.296773e-04
1.638000e+03 1.242018e+04 1.228041e+04 2.069559e+04 1.238155e-04
1.639000e+03 1.296726e+04 1.274840e+04 2.067672e+04 1.123511e-04
1.640000e+03 1.372039e+04 1.341053e+04 2.065779e+04 9.766591e-05
1.641000e+03 1.441620e+04 1.418508e+04 2.063880e+04 8.222224e-05
1.642000e+03 1.495703e+04 1.499123e+04 2.061974e+04 6.784477e-05
1.643000e+03 1.571962e+04 1.575983e+04 2.060061e+04 5.548607e-05
1.644000e+03 1.624730e+04 1.645103e+04 2.058142e+04 4.538109e-05
1.645000e+03 1.684425e+04 1.703770e+04 2.056216e+04 3.734381e-05
1.646000e+03 1.729473e+04 1.753459e+04 2.054284e+04 3.102297e-05
1.647000e+03 1.764420e+04 1.793730e+04 2.052345e+04 2.605395e-05
1.648000e+03 1.795771e+04 1.826796e+04 2.050399e+04 2.212360e-05
1.649000e+03 1.825465e+04 1.853386e+04 2.048447e+04 1.898517e-05
1.650000e+03 1.853942e+04 1.875689e+04 2.046488e+04 1.645168e-05
1.651000e+03 1.909663e+04 1.893932e+04 2.044522e+04 1.438366e-05
1.652000e+03 1.911466e+04 1.908437e+04 2.042550e+04 1.267735e-05
1.653000e+03 1.916343e+04 1.920799e+04 2.040571e+04 1.125512e-05
1.654000e+03 1.933470e+04 1.930923e+04 2.038586e+04 1.005848e-05
1.655000e+03 1.930679e+04 1.939339e+04 2.036594e+04 9.042842e-06
1.656000e+03 1.938407e+04 1.946609e+04 2.034595e+04 8.173922e-06
1.657000e+03 1.947460e+04 1.952085e+04 2.032590e+04 7.425043e-06
1.658000e+03 1.952082e+04 1.956974e+04 2.030578e+04 6.775252e-06
1.659000e+03 1.974945e+04 1.961265e+04 2.028560e+04 6.207920e-06
1.660000e+03 1.985924e+04 1.964320e+04 2.026535e+04 5.709734e-06
1.661000e+03 1.977404e+04 1.967383e+04 2.024503e+04 5.269943e-06
1.662000e+03 1.990340e+04 1.969191e+04 2.022465e+04 4.879792e-06
1.663000e+03 1.987145e+04 1.970999e+04 2.020420e+04 4.532095e-06
1.664000e+03 1.999569e+04 1.972171e+04 2.018368e+04 4.220919e-06
1.665000e+03 1.995962e+04 1.973341e+04 2.016310e+04 3.941322e-06
1.666000e+03 2.000203e+04 1.973870e+04 2.014246e+04 3.689172e-06
1.667000e+03 1.989543e+04 1.974393e+04 2.012174e+04 3.460986e-06
1.668000e+03 1.988594e+04 1.974272e+04 2.010096e+04 3.253818e-06
1.669000e+03 2.000079e+04 1.974784e+04 2.008012e+04 3.065156e-06
1.670000e+03 2.003820e+04 1.974008e+04 2.005921e+04 2.892855e-06
1.671000e+03 1.998023e+04 1.973867e+04 2.003823e+04 2.735071e-06
1.672000e+03 2.000226e+04 1.973718e+04 2.001719e+04 2.590211e-06
1.673000e+03 1.994302e+04 1.972920e+04 1.999608e+04 2.456896e-06
1.674000e+03 1.993046e+04 1.972115e+04 1.997490e+04 2.333924e-06
1.675000e+03 1.995452e+04 1.971302e+04 1.995366e+04 2.220249e-06
1.676000e+03 1.996737e+04 1.970481e+04 1.993235e+04 2.114950e-06
1.677000e+03 1.997660e+04 1.969010e+04 1.991097e+04 2.017219e-06
1.678000e+03 1.992142e+04 1.968174e+04 1.988954e+04 1.926344e-06
1.679000e+03 1.980142e+04 1.966688e+04 1.986803e+04 1.841694e-06
1.680000e+03 1.987844e+04 1.965195e+04 1.984646e+04 1.762709e-06
1.681000e+03 1.991551e+04 1.964336e+04 1.982482e+04 1.688890e-06
1.682000e+03 2.005502e+04 1.962826e+04 1.980311e+04 1.619794e-06
1.683000e+03 2.007046e+04 1.961310e+04 1.978134e+04 1.555022e-06
1.684000e+03 1.998151e+04 1.959786e+04 1.975950e+04 1.494218e-06
1.685000e+03 1.988796e+04 1.958254e+04 1.973760e+04 1.437062e-06
1.686000e+03 1.981071e+04 1.956715e+04 1.971563e+04 1.383264e-06
1.687000e+03 1.982495e+04 1.955169e+04 1.969360e+04 1.332565e-06
1.688000e+03 1.989257e+04 1.952974e+04 1.967150e+04 1.284727e-06
