8.990000e+02 1.721439e+04 1.716120e+04 1.729142e+04 1.369973e-06
9.000000e+02 1.720286e+04 1.718605e+04 1.732214e+04 1.409468e-06
9.010000e+02 1.729093e+04 1.721646e+04 1.735279e+04 1.450755e-06
9.020000e+02 1.726982e+04 1.724116e+04 1.738337e+04 1.493948e-06
9.030000e+02 1.734559e+04 1.726578e+04 1.741389e+04 1.539168e-06
9.040000e+02 1.735446e+04 1.729031e+04 1.744434e+04 1.586548e-06
9.050000e+02 1.738787e+04 1.732043e+04 1.747472e+04 1.636233e-06
9.060000e+02 1.746054e+04 1.734480e+04 1.750503e+04 1.688379e-06
9.070000e+02 1.751250e+04 1.736909e+04 1.753528e+04 1.743155e-06
9.080000e+02 1.749309e+04 1.739330e+04 1.756546e+04 1.800748e-06
9.090000e+02 1.751063e+04 1.741743e+04 1.759557e+04 1.861360e-06
9.100000e+02 1.762843e+04 1.744148e+04 1.762562e+04 1.925213e-06
9.110000e+02 1.754802e+04 1.746544e+04 1.765559e+04 1.992551e-06
9.120000e+02 1.763482e+04 1.748362e+04 1.768550e+04 2.063649e-06
9.130000e+02 1.765709e+04 1.750741e+04 1.771535e+04 2.138785e-06
9.140000e+02 1.760639e+04 1.753112e+04 1.774512e+04 2.218291e-06
9.150000e+02 1.758520e+04 1.754903e+04 1.777483e+04 2.302525e-06
9.160000e+02 1.746680e+04 1.757257e+04 1.780447e+04 2.391885e-06
9.170000e+02 1.747225e+04 1.759030e+04 1.783404e+04 2.486813e-06
9.180000e+02 1.765171e+04 1.761367e+04 1.786355e+04 2.587800e-06
9.190000e+02 1.784830e+04 1.763123e+04 1.789299e+04 2.695395e-06
9.200000e+02 1.782043e+04 1.764870e+04 1.792236e+04 2.810213e-06
9.210000e+02 1.771818e+04 1.766607e+04 1.795167e+04 2.932944e-06
9.220000e+02 1.768996e+04 1.768336e+04 1.798090e+04 3.064367e-06
9.230000e+02 1.768005e+04 1.769483e+04 1.801007e+04 3.205362e-06
9.240000e+02 1.767880e+04 1.771194e+04 1.803918e+04 3.356926e-06
9.250000e+02 1.771891e+04 1.772322e+04 1.806821e+04 3.520197e-06
9.260000e+02 1.774091e+04 1.773442e+04 1.809718e+04 3.696475e-06
9.270000e+02 1.780623e+04 1.774553e+04 1.812608e+04 3.887250e-06
9.280000e+02 1.774538e+04 1.775082e+04 1.815491e+04 4.094245e-06
9.290000e+02 1.784963e+04 1.776176e+04 1.818368e+04 4.319455e-06
9.300000e+02 1.787850e+04 1.776117e+04 1.821238e+04 4.565200e-06
9.310000e+02 1.769102e+04 1.776623e+04 1.824101e+04 4.834199e-06
9.320000e+02 1.767971e+04 1.776551e+04 1.826957e+04 5.129655e-06
9.330000e+02 1.770037e+04 1.775903e+04 1.829807e+04 5.455358e-06
9.340000e+02 1.772291e+04 1.775252e+04 1.832650e+04 5.815836e-06
9.350000e+02 1.774291e+04 1.774596e+04 1.835486e+04 6.216518e-06
9.360000e+02 1.773714e+04 1.772808e+04 1.838316e+04 6.663985e-06
9.370000e+02 1.768964e+04 1.771022e+04 1.841139e+04 7.166257e-06
9.380000e+02 1.768038e+04 1.768120e+04 1.843955e+04 7.733211e-06
9.390000e+02 1.762434e+04 1.764672e+04 1.846764e+04 8.377125e-06
9.400000e+02 1.752288e+04 1.760690e+04 1.849566e+04 9.113422e-06
9.410000e+02 1.747071e+04 1.755632e+04 1.852362e+04 9.961679e-06
9.420000e+02 1.745734e+04 1.748978e+04 1.855151e+04 1.094708e-05
9.430000e+02 1.750373e+04 1.741310e+04 1.857934e+04 1.210243e-05
9.440000e+02 1.743998e+04 1.731596e+04 1.860709e+04 1.347113e-05
9.450000e+02 1.740139e+04 1.719392e+04 1.863478e+04 1.511142e-05
9.460000e+02 1.734050e+04 1.704814e+04 1.866240e+04 1.710293e-05
9.470000e+02 1.705816e+04 1.686492e+04 1.868996e+04 1.955644e-05
9.480000e+02 1.678936e+04 1.663224e+04 1.871745e+04 2.262887e-05
9.490000e+02 1.636027e+04 1.634514e+04 1.874487e+04 2.654677e-05
9.500000e+02 1.593891e+04 1.597378e+04 1.877222e+04 3.164196e-05
9.510000e+02 1.531470e+04 1.550512e+04 1.879950e+04 3.840290e-05
9.520000e+02 1.459494e+04 1.490305e+04 1.882672e+04 4.753669e-05
9.530000e+02 1.380968e+04 1.415208e+04 1.885387e+04 6.000142e-05
9.540000e+02 1.304388e+04 1.324420e+04 1.888096e+04 7.688008e-05
9.550000e+02 1.222889e+04 1.222223e+04 1.890797e+04 9.883889e-05
9.560000e+02 1.121572e+04 1.119402e+04 1.893492e+04 1.249596e-04
9.570000e+02 1.014757e+04 1.031650e+04 1.896180e+04 1.513894e-04
9.580000e+02 9.466875e+03 9.746739e+03 1.898862e+04 1.713785e-04
9.590000e+02 9.195885e+03 9.575604e+03 1.901536e+04 1.781557e-04
9.600000e+02 9.568455e+03 9.832441e+03 1.904204e+04 1.692771e-04
9.610000e+02 1.036219e+04 1.046859e+04 1.906865e+04 1.484301e-04
9.620000e+02 1.134478e+04 1.136860e+04 1.909520e+04 1.227675e-04
9.630000e+02 1.224914e+04 1.237093e+04 1.912168e+04 9.857646e-05
9.640000e+02 1.308662e+04 1.332060e+04 1.914809e+04 7.902728e-05
9.650000e+02 1.393291e+04 1.412338e+04 1.917443e+04 6.460328e-05
9.660000e+02 1.463317e+04 1.474844e+04 1.920070e+04 5.451231e-05
9.670000e+02 1.513643e+04 1.520793e+04 1.922691e+04 4.773181e-05
9.680000e+02 1.546450e+04 1.552021e+04 1.925305e+04 4.345179e-05
9.690000e+02 1.568839e+04 1.569990e+04 1.927913e+04 4.118494e-05
9.700000e+02 1.577730e+04 1.575070e+04 1.930513e+04 4.079179e-05
9.710000e+02 1.566339e+04 1.564552e+04 1.933107e+04 4.257095e-05
9.720000e+02 1.495870e+04 1.532678e+04 1.935694e+04 4.749242e-05
9.730000e+02 1.398334e+04 1.471671e+04 1.938275e+04 5.725493e-05
9.740000e+02 1.329800e+04 1.393347e+04 1.940848e+04 7.101594e-05
9.750000e+02 1.315541e+04 1.371477e+04 1.943415e+04 7.535070e-05
9.760000e+02 1.374704e+04 1.442821e+04 1.945976e+04 6.302522e-05
9.770000e+02 1.449616e+04 1.527280e+04 1.948529e+04 4.982049e-05
9.780000e+02 1.524572e+04 1.586296e+04 1.951076e+04 4.152273e-05
9.790000e+02 1.597536e+04 1.624975e+04 1.953616e+04 3.655585e-05
9.800000e+02 1.647611e+04 1.651557e+04 1.956149e+04 3.331827e-05
9.810000e+02 1.679112e+04 1.672323e+04 1.958676e+04 3.094440e-05
9.820000e+02 1.684202e+04 1.689706e+04 1.961196e+04 2.900190e-05
9.830000e+02 1.678807e+04 1.705933e+04 1.963709e+04 2.727688e-05
9.840000e+02 1.687016e+04 1.721432e+04 1.966215e+04 2.566617e-05
9.850000e+02 1.691757e+04 1.736663e+04 1.968715e+04 2.412490e-05
9.860000e+02 1.723718e+04 1.751607e+04 1.971208e+04 2.263735e-05
9.870000e+02 1.752143e+04 1.766244e+04 1.973694e+04 2.120271e-05
9.880000e+02 1.773389e+04 1.780553e+04 1.976173e+04 1.982626e-05
9.890000e+02 1.808146e+04 1.794517e+04 1.978646e+04 1.851470e-05
9.900000e+02 1.830770e+04 1.808115e+04 1.981112e+04 1.727381e-05
9.910000e+02 1.843637e+04 1.821328e+04 1.983571e+04 1.610742e-05
9.920000e+02 1.857070e+04 1.833579e+04 1.986024e+04 1.501727e-05
9.930000e+02 1.858043e+04 1.845392e+04 1.988470e+04 1.400313e-05
9.940000e+02 1.875686e+04 1.856752e+04 1.990909e+04 1.306322e-05
9.950000e+02 1.899632e+04 1.867063e+04 1.993341e+04 1.219460e-05
9.960000e+02 1.902518e+04 1.877458e+04 1.995767e+04 1.139354e-05
9.970000e+02 1.908912e+04 1.886760e+04 1.998186e+04 1.065585e-05
9.980000e+02 1.905146e+04 1.896126e+04 2.000598e+04 9.977121e-06
9.990000e+02 1.912941e+04 1.904361e+04 2.003003e+04 9.352897e-06
1.000000e+03 1.914898e+04 1.912641e+04 2.005402e+04 8.778839e-06
1.001000e+03 1.915948e+04 1.920361e+04 2.007794e+04 8.250772e-06
1.002000e+03 1.916379e+04 1.927508e+04 2.010179e+04 7.764769e-06
1.003000e+03 1.919748e+04 1.934071e+04 2.012557e+04 7.317169e-06
1.004000e+03 1.936480e+04 1.940658e+04 2.014929e+04 6.904587e-06
1.005000e+03 1.953877e+04 1.947267e+04 2.017294e+04 6.523921e-06
1.006000e+03 1.948829e+04 1.952653e+04 2.019653e+04 6.172330e-06
1.007000e+03 1.965037e+04 1.958675e+04 2.022004e+04 5.847227e-06
1.008000e+03 1.959230e+04 1.964085e+04 2.024349e+04 5.546288e-06
1.009000e+03 1.954009e+04 1.969506e+04 2.026687e+04 5.267379e-06
1.010000e+03 1.958587e+04 1.974303e+04 2.029018e+04 5.008580e-06
1.011000e+03 1.950839e+04 1.979106e+04 2.031343e+04 4.768157e-06
1.012000e+03 1.965341e+04 1.983916e+04 2.033661e+04 4.544542e-06
1.013000e+03 1.988916e+04 1.988090e+04 2.035972e+04 4.336313e-06
1.014000e+03 1.969952e+04 1.992909e+04 2.038277e+04 4.142193e-06
1.015000e+03 1.970655e+04 1.997088e+04 2.040574e+04 3.961025e-06
1.016000e+03 1.986484e+04 2.000622e+04 2.042865e+04 3.791759e-06
1.017000e+03 1.993695e+04 2.004802e+04 2.045150e+04 3.633448e-06
1.018000e+03 1.981830e+04 2.008984e+04 2.047427e+04 3.485234e-06
1.019000e+03 1.977661e+04 2.012515e+04 2.049698e+04 3.346338e-06
1.020000e+03 1.992177e+04 2.016044e+04 2.051962e+04 3.216054e-06
1.021000e+03 1.985552e+04 2.019571e+04 2.054219e+04 3.093742e-06
1.022000e+03 1.991091e+04 2.023096e+04 2.056470e+04 2.978818e-06
1.023000e+03 1.984805e+04 2.026619e+04 2.058714e+04 2.870753e-06
1.024000e+03 1.991930e+04 2.030140e+04 2.060951e+04 2.769067e-06
1.025000e+03 2.016463e+04 2.032998e+04 2.063181e+04 2.673318e-06
1.026000e+03 2.019555e+04 2.036513e+04 2.065405e+04 2.583111e-06
1.027000e+03 2.018384e+04 2.039363e+04 2.067622e+04 2.498078e-06
1.028000e+03 2.017784e+04 2.042207e+04 2.069832e+04 2.417890e-06
1.029000e+03 2.020773e+04 2.045713e+04 2.072036e+04 2.342243e-06
1.030000e+03 2.015384e+04 2.048549e+04 2.074232e+04 2.270863e-06
1.031000e+03 2.034925e+04 2.051381e+04 2.076422e+04 2.203501e-06
1.032000e+03 2.029425e+04 2.054207e+04 2.078605e+04 2.139927e-06
1.033000e+03 2.034625e+04 2.057029e+04 2.080782e+04 2.079937e-06
1.034000e+03 2.032268e+04 2.059846e+04 2.082952e+04 2.023343e-06
1.035000e+03 2.040037e+04 2.062658e+04 2.085115e+04 1.969979e-06
1.036000e+03 2.056082e+04 2.065465e+04 2.087271e+04 1.919695e-06
1.037000e+03 2.063605e+04 2.068267e+04 2.089421e+04 1.872356e-06
1.038000e+03 2.063048e+04 2.070388e+04 2.091564e+04 1.827846e-06
1.039000e+03 2.081850e+04 2.073180e+04 2.093700e+04 1.786064e-06
1.040000e+03 2.067559e+04 2.075967e+04 2.095829e+04 1.746926e-06
1.041000e+03 2.060814e+04 2.078070e+04 2.097952e+04 1.710361e-06
1.042000e+03 2.055941e+04 2.080845e+04 2.100068e+04 1.676318e-06
1.043000e+03 2.072498e+04 2.082935e+04 2.102177e+04 1.644762e-06
1.044000e+03 2.062611e+04 2.085700e+04 2.104280e+04 1.615675e-06
1.045000e+03 2.065091e+04 2.087778e+04 2.106376e+04 1.589063e-06
1.046000e+03 2.054557e+04 2.090532e+04 2.108465e+04 1.564951e-06
1.047000e+03 2.073530e+04 2.092596e+04 2.110547e+04 1.543394e-06
1.048000e+03 2.082566e+04 2.094654e+04 2.112622e+04 1.524472e-06
1.049000e+03 2.080486e+04 2.097392e+04 2.114691e+04 1.508306e-06
1.050000e+03 2.102275e+04 2.099437e+04 2.116754e+04 1.495057e-06
1.051000e+03 2.106621e+04 2.101476e+04 2.118809e+04 1.484939e-06
1.052000e+03 2.087138e+04 2.103507e+04 2.120857e+04 1.478233e-06
1.053000e+03 2.073321e+04 2.105533e+04 2.122899e+04 1.475301e-06
1.054000e+03 2.075755e+04 2.107551e+04 2.124935e+04 1.476612e-06
1.055000e+03 2.083403e+04 2.109563e+04 2.126963e+04 1.482771e-06
1.056000e+03 2.098963e+04 2.111568e+04 2.128985e+04 1.494563e-06
1.057000e+03 2.095343e+04 2.113567e+04 2.131000e+04 1.513018e-06
1.058000e+03 2.108557e+04 2.114867e+04 2.133008e+04 1.539488e-06
1.059000e+03 2.114414e+04 2.116851e+04 2.135010e+04 1.575780e-06
1.060000e+03 2.124589e+04 2.118136e+04 2.137004e+04 1.624327e-06
1.061000e+03 2.136357e+04 2.119413e+04 2.138992e+04 1.688458e-06
1.062000e+03 2.130289e+04 2.119991e+04 2.140974e+04 1.772794e-06
1.063000e+03 2.125323e+04 2.120561e+04 2.142948e+04 1.883848e-06
1.064000e+03 2.120954e+04 2.121123e+04 2.144916e+04 2.030943e-06
1.065000e+03 2.134473e+04 2.120986e+04 2.146877e+04 2.227607e-06
1.066000e+03 2.129664e+04 2.119463e+04 2.148832e+04 2.493608e-06
1.067000e+03 2.132559e+04 2.117250e+04 2.150779e+04 2.857657e-06
1.068000e+03 2.113286e+04 2.113669e+04 2.152721e+04 3.359831e-06
1.069000e+03 2.114198e+04 2.107376e+04 2.154655e+04 4.049338e-06
1.070000e+03 2.106157e+04 2.099101e+04 2.156582e+04 4.963011e-06
1.071000e+03 2.087973e+04 2.088229e+04 2.158503e+04 6.052206e-06
1.072000e+03 2.069593e+04 2.079461e+04 2.160417e+04 7.047651e-06
1.073000e+03 2.077498e+04 2.076681e+04 2.162324e+04 7.456087e-06
1.074000e+03 2.078132e+04 2.083126e+04 2.164225e+04 7.006096e-06
1.075000e+03 2.103989e+04 2.096266e+04 2.166119e+04 6.008531e-06
1.076000e+03 2.126296e+04 2.110220e+04 2.168006e+04 4.954461e-06
1.077000e+03 2.130970e+04 2.121589e+04 2.169886e+04 4.105530e-06
1.078000e+03 2.128941e+04 2.130292e+04 2.171760e+04 3.535219e-06
1.079000e+03 2.122637e+04 2.134887e+04 2.173627e+04 3.279310e-06
1.080000e+03 2.125682e+04 2.135331e+04 2.175487e+04 3.374535e-06
1.081000e+03 2.130230e+04 2.133005e+04 2.177340e+04 3.743177e-06
1.082000e+03 2.134109e+04 2.131370e+04 2.179187e+04 4.073738e-06
1.083000e+03 2.137152e+04 2.133858e+04 2.181027e+04 3.995775e-06
1.084000e+03 2.133539e+04 2.141874e+04 2.182860e+04 3.459607e-06
1.085000e+03 2.152575e+04 2.151327e+04 2.184687e+04 2.779323e-06
1.086000e+03 2.174157e+04 2.159433e+04 2.186506e+04 2.268124e-06
1.087000e+03 2.174500e+04 2.164045e+04 2.188320e+04 1.999477e-06
1.088000e+03 2.162657e+04 2.167245e+04 2.190126e+04 1.894764e-06
1.089000e+03 2.160568e+04 2.169734e+04 2.191926e+04 1.871505e-06
1.090000e+03 2.158177e+04 2.170800e+04 2.193718e+04 1.888358e-06
1.091000e+03 2.169264e+04 2.172567e+04 2.195504e+04 1.930763e-06
1.092000e+03 2.151991e+04 2.173619e+04 2.197284e+04 1.994762e-06
1.093000e+03 2.147682e+04 2.173953e+04 2.199057e+04 2.080207e-06
1.094000e+03 2.151811e+04 2.174281e+04 2.200822e+04 2.188795e-06
1.095000e+03 2.178671e+04 2.174601e+04 2.202582e+04 2.323591e-06
1.096000e+03 2.184445e+04 2.174207e+04 2.204334e+04 2.489102e-06
1.097000e+03 2.180589e+04 2.173806e+04 2.206080e+04 2.691518e-06
1.098000e+03 2.176268e+04 2.172695e+04 2.207819e+04 2.939169e-06
1.099000e+03 2.179350e+04 2.170875e+04 2.209551e+04 3.243204e-06
1.100000e+03 2.172655e+04 2.167652e+04 2.211277e+04 3.618435e-06
1.101000e+03 2.171548e+04 2.163738e+04 2.212996e+04 4.084426e-06
1.102000e+03 2.170509e+04 2.159144e+04 2.214708e+04 4.666581e-06
1.103000e+03 2.159448e+04 2.151809e+04 2.216413e+04 5.396832e-06
1.104000e+03 2.133466e+04 2.143161e+04 2.218112e+04 6.313021e-06
1.105000e+03 2.104641e+04 2.131884e+04 2.219804e+04 7.455467e-06
1.106000e+03 2.100105e+04 2.117400e+04 2.221489e+04 8.858829e-06
1.107000e+03 2.114296e+04 2.100505e+04 2.223167e+04 1.053785e-05
1.108000e+03 2.078155e+04 2.081323e+04 2.224839e+04 1.246778e-05
1.109000e+03 2.068796e+04 2.060621e+04 2.226504e+04 1.456433e-05
1.110000e+03 2.034898e+04 2.039734e+04 2.228162e+04 1.667239e-05
1.111000e+03 2.020791e+04 2.021706e+04 2.229813e+04 1.857483e-05
1.112000e+03 2.007625e+04 2.008776e+04 2.231458e+04 2.002750e-05
1.113000e+03 1.985179e+04 2.002519e+04 2.233096e+04 2.081546e-05
1.114000e+03 2.010434e+04 2.003982e+04 2.234728e+04 2.081232e-05
1.115000e+03 2.019471e+04 2.013182e+04 2.236352e+04 2.001842e-05
1.116000e+03 2.022300e+04 2.029709e+04 2.237970e+04 1.856072e-05
1.117000e+03 2.032573e+04 2.050807e+04 2.239581e+04 1.665450e-05
1.118000e+03 2.061064e+04 2.074209e+04 2.241186e+04 1.454402e-05
1.119000e+03 2.089464e+04 2.098110e+04 2.242783e+04 1.244635e-05
1.120000e+03 2.124896e+04 2.121203e+04 2.244374e+04 1.051646e-05
1.121000e+03 2.140341e+04 2.141397e+04 2.245958e+04 8.838537e-06
1.122000e+03 2.164202e+04 2.158517e+04 2.247536e+04 7.437336e-06
1.123000e+03 2.194138e+04 2.173109e+04 2.249106e+04 6.298264e-06
1.124000e+03 2.197380e+04 2.185768e+04 2.250671e+04 5.386930e-06
1.125000e+03 2.196084e+04 2.195723e+04 2.252228e+04 4.663438e-06
1.126000e+03 2.198921e+04 2.203614e+04 2.253778e+04 4.090491e-06
1.127000e+03 2.207632e+04 2.210828e+04 2.255322e+04 3.636865e-06
1.128000e+03 2.205195e+04 2.216637e+04 2.256859e+04 3.278082e-06
1.129000e+03 2.210895e+04 2.221739e+04 2.258389e+04 2.995792e-06
1.130000e+03 2.223100e+04 2.225405e+04 2.259913e+04 2.776806e-06
1.131000e+03 2.224829e+04 2.229071e+04 2.261430e+04 2.612208e-06
1.132000e+03 2.238682e+04 2.232012e+04 2.262940e+04 2.496755e-06
1.133000e+03 2.232139e+04 2.234221e+04 2.264444e+04 2.428654e-06
1.134000e+03 2.226721e+04 2.236426e+04 2.265940e+04 2.409734e-06
1.135000e+03 2.218755e+04 2.237168e+04 2.267430e+04 2.446184e-06
1.136000e+03 2.233502e+04 2.237175e+04 2.268913e+04 2.549850e-06
1.137000e+03 2.237616e+04 2.236448e+04 2.270390e+04 2.740127e-06
1.138000e+03 2.248479e+04 2.234266e+04 2.271860e+04 3.045512e-06
1.139000e+03 2.247498e+04 2.229916e+04 2.273323e+04 3.502157e-06
1.140000e+03 2.244771e+04 2.223429e+04 2.274779e+04 4.143551e-06
1.141000e+03 2.223682e+04 2.215558e+04 2.276229e+04 4.974685e-06
1.142000e+03 2.208230e+04 2.204926e+04 2.277671e+04 5.932706e-06
1.143000e+03 2.195641e+04 2.195796e+04 2.279107e+04 6.858257e-06
1.144000e+03 2.186518e+04 2.189518e+04 2.280537e+04 7.519227e-06
1.145000e+03 2.189005e+04 2.188804e+04 2.281960e+04 7.704771e-06
1.146000e+03 2.189164e+04 2.194328e+04 2.283375e+04 7.340195e-06
1.147000e+03 2.202673e+04 2.204770e+04 2.284785e+04 6.532112e-06
1.148000e+03 2.221575e+04 2.218839e+04 2.286187e+04 5.504001e-06
1.149000e+03 2.219154e+04 2.232345e+04 2.287583e+04 4.478437e-06
1.150000e+03 2.235463e+04 2.244540e+04 2.288972e+04 3.594943e-06
1.151000e+03 2.234445e+04 2.253916e+04 2.290354e+04 2.899148e-06
1.152000e+03 2.246309e+04 2.261880e+04 2.291729e+04 2.376461e-06
1.153000e+03 2.254182e+04 2.268401e+04 2.293098e+04 1.989855e-06
1.154000e+03 2.253386e+04 2.272716e+04 2.294460e+04 1.702354e-06
1.155000e+03 2.265707e+04 2.277034e+04 2.295816e+04 1.484984e-06
1.156000e+03 2.276332e+04 2.280611e+04 2.297164e+04 1.317183e-06
1.157000e+03 2.283657e+04 2.283439e+04 2.298506e+04 1.184877e-06
1.158000e+03 2.293875e+04 2.286264e+04 2.299841e+04 1.078477e-06
1.159000e+03 2.297570e+04 2.288335e+04 2.301170e+04 9.913720e-07
1.160000e+03 2.314218e+04 2.291153e+04 2.302491e+04 9.189289e-07
1.161000e+03 2.308880e+04 2.293214e+04 2.303806e+04 8.578331e-07
1.162000e+03 2.308043e+04 2.294516e+04 2.305114e+04 8.056724e-07
1.163000e+03 2.302354e+04 2.296566e+04 2.306416e+04 7.606535e-07
1.164000e+03 2.302538e+04 2.298610e+04 2.307711e+04 7.214252e-07
1.165000e+03 2.293643e+04 2.299893e+04 2.308999e+04 6.869517e-07
1.166000e+03 2.318834e+04 2.301926e+04 2.310280e+04 6.564287e-07
1.167000e+03 2.313666e+04 2.303196e+04 2.311554e+04 6.292228e-07
1.168000e+03 2.315304e+04 2.305217e+04 2.312822e+04 6.048296e-07
1.169000e+03 2.299309e+04 2.306474e+04 2.314083e+04 5.828434e-07
1.170000e+03 2.317055e+04 2.308483e+04 2.315338e+04 5.629346e-07
1.171000e+03 2.320480e+04 2.309727e+04 2.316585e+04 5.448328e-07
1.172000e+03 2.336684e+04 2.310964e+04 2.317826e+04 5.283147e-07
1.173000e+03 2.345357e+04 2.312195e+04 2.319061e+04 5.131942e-07
1.174000e+03 2.358211e+04 2.314180e+04 2.320288e+04 4.993158e-07
1.175000e+03 2.361239e+04 2.315397e+04 2.321509e+04 4.865485e-07
1.176000e+03 2.336082e+04 2.316608e+04 2.322723e+04 4.747813e-07
1.177000e+03 2.323596e+04 2.317812e+04 2.323930e+04 4.639202e-07
1.178000e+03 2.321789e+04 2.319010e+04 2.325130e+04 4.538850e-07
1.179000e+03 2.333316e+04 2.320964e+04 2.326324e+04 4.446075e-07
1.180000e+03 2.342857e+04 2.322148e+04 2.327511e+04 4.360293e-07
1.181000e+03 2.334138e+04 2.323326e+04 2.328691e+04 4.281011e-07
1.182000e+03 2.343873e+04 2.324496e+04 2.329865e+04 4.207809e-07
1.183000e+03 2.350121e+04 2.325661e+04 2.331032e+04 4.140336e-07
1.184000e+03 2.344554e+04 2.326818e+04 2.332192e+04 4.078301e-07
1.185000e+03 2.341773e+04 2.327969e+04 2.333345e+04 4.021467e-07
1.186000e+03 2.339882e+04 2.329113e+04 2.334492e+04 3.969649e-07
1.187000e+03 2.354141e+04 2.330250e+04 2.335632e+04 3.922712e-07
1.188000e+03 2.369005e+04 2.331381e+04 2.336765e+04 3.880569e-07
1.189000e+03 2.362789e+04 2.333273e+04 2.337892e+04 3.843178e-07
1.190000e+03 2.373493e+04 2.334390e+04 2.339011e+04 3.810549e-07
1.191000e+03 2.370859e+04 2.335501e+04 2.340124e+04 3.782740e-07
1.192000e+03 2.368730e+04 2.336605e+04 2.341231e+04 3.759867e-07
1.193000e+03 2.363186e+04 2.337702e+04 2.342330e+04 3.742107e-07
1.194000e+03 2.351877e+04 2.338793e+04 2.343423e+04 3.729704e-07
1.195000e+03 2.345271e+04 2.339877e+04 2.344509e+04 3.722983e-07
1.196000e+03 2.346882e+04 2.340954e+04 2.345588e+04 3.722358e-07
1.197000e+03 2.356668e+04 2.342025e+04 2.346661e+04 3.728357e-07
1.198000e+03 2.353746e+04 2.343088e+04 2.347727e+04 3.741638e-07
1.199000e+03 2.358421e+04 2.344146e+04 2.348786e+04 3.763023e-07
1.200000e+03 2.355582e+04 2.345196e+04 2.349838e+04 3.793533e-07
1.201000e+03 2.374853e+04 2.346240e+04 2.350884e+04 3.834441e-07
1.202000e+03 2.368163e+04 2.346504e+04 2.351923e+04 3.887335e-07
1.203000e+03 2.366086e+04 2.347534e+04 2.352955e+04 3.954229e-07
1.204000e+03 2.365586e+04 2.348557e+04 2.353981e+04 4.037652e-07
1.205000e+03 2.354709e+04 2.349573e+04 2.354999e+04 4.140844e-07
1.206000e+03 2.354389e+04 2.350583e+04 2.356012e+04 4.267974e-07
1.207000e+03 2.368534e+04 2.351586e+04 2.357017e+04 4.424482e-07
1.208000e+03 2.356146e+04 2.351808e+04 2.358015e+04 4.617541e-07
1.209000e+03 2.371811e+04 2.352797e+04 2.359007e+04 4.856744e-07
1.210000e+03 2.384984e+04 2.353006e+04 2.359992e+04 5.155119e-07
1.211000e+03 2.369498e+04 2.353981e+04 2.360971e+04 5.530596e-07
1.212000e+03 2.367102e+04 2.354175e+04 2.361942e+04 6.008303e-07
1.213000e+03 2.361757e+04 2.354363e+04 2.362907e+04 6.623943e-07
1.214000e+03 2.350359e+04 2.354544e+04 2.363865e+04 7.428723e-07
1.215000e+03 2.340762e+04 2.353944e+04 2.364817e+04 8.496214e-07
1.216000e+03 2.347746e+04 2.352567e+04 2.365762e+04 9.929747e-07
1.217000e+03 2.338766e+04 2.351185e+04 2.366700e+04 1.186496e-06
1.218000e+03 2.334005e+04 2.349031e+04 2.367631e+04 1.445179e-06
1.219000e+03 2.345277e+04 2.345342e+04 2.368555e+04 1.778750e-06
1.220000e+03 2.333454e+04 2.340897e+04 2.369473e+04 2.177811e-06
1.221000e+03 2.328755e+04 2.336467e+04 2.370384e+04 2.596881e-06
1.222000e+03 2.330002e+04 2.333563e+04 2.371288e+04 2.949978e-06
1.223000e+03 2.328263e+04 2.331419e+04 2.372186e+04 3.136852e-06
1.224000e+03 2.329932e+04 2.333051e+04 2.373077e+04 3.094930e-06
1.225000e+03 2.329638e+04 2.336952e+04 2.373961e+04 2.838646e-06
1.226000e+03 2.341775e+04 2.343143e+04 2.374838e+04 2.450002e-06
1.227000e+03 2.357807e+04 2.349355e+04 2.375709e+04 2.029382e-06
1.228000e+03 2.381023e+04 2.354819e+04 2.376573e+04 1.649711e-06
1.229000e+03 2.371336e+04 2.359526e+04 2.377430e+04 1.342203e-06
1.230000e+03 2.361716e+04 2.363465e+04 2.378281e+04 1.107565e-06
1.231000e+03 2.364552e+04 2.366632e+04 2.379125e+04 9.330379e-07
1.232000e+03 2.366082e+04 2.369797e+04 2.379962e+04 8.037121e-07
1.233000e+03 2.375203e+04 2.371403e+04 2.380792e+04 7.071301e-07
1.234000e+03 2.367025e+04 2.373004e+04 2.381615e+04 6.341082e-07
1.235000e+03 2.368739e+04 2.374598e+04 2.382432e+04 5.781944e-07
1.236000e+03 2.387448e+04 2.376187e+04 2.383242e+04 5.349171e-07
1.237000e+03 2.386416e+04 2.377770e+04 2.384046e+04 5.011689e-07
1.238000e+03 2.391168e+04 2.378564e+04 2.384842e+04 4.747734e-07
1.239000e+03 2.390445e+04 2.379352e+04 2.385632e+04 4.541899e-07
1.240000e+03 2.388459e+04 2.380917e+04 2.386415e+04 4.383231e-07
1.241000e+03 2.360363e+04 2.381691e+04 2.387192e+04 4.263945e-07
1.242000e+03 2.366932e+04 2.382459e+04 2.387962e+04 4.178594e-07
1.243000e+03 2.365682e+04 2.383220e+04 2.388724e+04 4.123517e-07
1.244000e+03 2.381957e+04 2.383975e+04 2.389481e+04 4.096485e-07
1.245000e+03 2.405614e+04 2.384723e+04 2.390230e+04 4.096507e-07
1.246000e+03 2.409920e+04 2.385464e+04 2.390973e+04 4.123726e-07
1.247000e+03 2.401254e+04 2.386198e+04 2.391709e+04 4.179447e-07
1.248000e+03 2.398309e+04 2.386926e+04 2.392438e+04 4.266244e-07
1.249000e+03 2.387843e+04 2.387647e+04 2.393161e+04 4.388204e-07
1.250000e+03 2.402152e+04 2.387575e+04 2.393877e+04 4.551333e-07
1.251000e+03 2.387682e+04 2.388282e+04 2.394586e+04 4.764195e-07
1.252000e+03 2.384037e+04 2.388983e+04 2.395288e+04 5.038910e-07
1.253000e+03 2.394341e+04 2.388891e+04 2.395984e+04 5.392710e-07
1.254000e+03 2.401973e+04 2.388792e+04 2.396673e+04 5.850453e-07
1.255000e+03 2.394629e+04 2.388686e+04 2.397355e+04 6.448720e-07
1.256000e+03 2.398091e+04 2.388574e+04 2.398030e+04 7.242665e-07
1.257000e+03 2.380239e+04 2.387671e+04 2.398699e+04 8.317729e-07
1.258000e+03 2.375346e+04 2.386762e+04 2.399361e+04 9.809490e-07
1.259000e+03 2.397479e+04 2.384284e+04 2.400016e+04 1.193534e-06
1.260000e+03 2.389037e+04 2.381026e+04 2.400665e+04 1.503460e-06
1.261000e+03 2.391914e+04 2.375444e+04 2.401307e+04 1.958523e-06
1.262000e+03 2.374837e+04 2.367573e+04 2.401942e+04 2.610094e-06
1.263000e+03 2.350682e+04 2.357459e+04 2.402570e+04 3.476373e-06
1.264000e+03 2.330982e+04 2.345163e+04 2.403192e+04 4.479259e-06
1.265000e+03 2.327073e+04 2.333740e+04 2.403807e+04 5.401278e-06
1.266000e+03 2.332382e+04 2.327621e+04 2.404415e+04 5.942132e-06
1.267000e+03 2.334336e+04 2.328947e+04 2.405016e+04 5.887149e-06
1.268000e+03 2.334684e+04 2.337739e+04 2.405611e+04 5.258866e-06
1.269000e+03 2.347591e+04 2.350367e+04 2.406199e+04 4.300192e-06
1.270000e+03 2.361307e+04 2.363885e+04 2.406780e+04 3.306990e-06
1.271000e+03 2.365562e+04 2.375225e+04 2.407355e+04 2.473241e-06
1.272000e+03 2.378650e+04 2.383544e+04 2.407922e+04 1.855949e-06
1.273000e+03 2.381957e+04 2.389562e+04 2.408483e+04 1.427204e-06
1.274000e+03 2.409493e+04 2.394030e+04 2.409038e+04 1.134520e-06
1.275000e+03 2.403559e+04 2.396932e+04 2.409585e+04 9.322340e-07
1.276000e+03 2.388463e+04 2.399833e+04 2.410126e+04 7.887397e-07
1.277000e+03 2.395654e+04 2.401943e+04 2.410660e+04 6.839494e-07
1.278000e+03 2.401187e+04 2.403259e+04 2.411188e+04 6.053236e-07
1.279000e+03 2.403338e+04 2.404568e+04 2.411708e+04 5.449176e-07
1.280000e+03 2.412637e+04 2.405872e+04 2.412222e+04 4.975613e-07
1.281000e+03 2.421109e+04 2.406378e+04 2.412729e+04 4.597930e-07
1.282000e+03 2.436523e+04 2.407669e+04 2.413230e+04 4.292284e-07
1.283000e+03 2.435430e+04 2.408162e+04 2.413723e+04 4.041841e-07
1.284000e+03 2.423255e+04 2.409441e+04 2.414211e+04 3.834468e-07
1.285000e+03 2.415891e+04 2.409920e+04 2.414691e+04 3.661212e-07
1.286000e+03 2.420664e+04 2.410393e+04 2.415164e+04 3.515376e-07
1.287000e+03 2.422725e+04 2.410859e+04 2.415631e+04 3.391860e-07
1.288000e+03 2.414641e+04 2.411318e+04 2.416091e+04 3.286729e-07
1.289000e+03 2.408973e+04 2.412565e+04 2.416544e+04 3.196909e-07
1.290000e+03 2.423607e+04 2.413011e+04 2.416991e+04 3.119968e-07
1.291000e+03 2.435741e+04 2.413450e+04 2.417431e+04 3.053969e-07
1.292000e+03 2.432909e+04 2.413882e+04 2.417864e+04 2.997347e-07
1.293000e+03 2.429721e+04 2.414308e+04 2.418290e+04 2.948831e-07
1.294000e+03 2.433587e+04 2.414727e+04 2.418710e+04 2.907384e-07
1.295000e+03 2.437146e+04 2.415139e+04 2.419123e+04 2.872149e-07
1.296000e+03 2.428271e+04 2.415545e+04 2.419529e+04 2.842417e-07
1.297000e+03 2.428971e+04 2.415943e+04 2.419929e+04 2.817600e-07
1.298000e+03 2.427105e+04 2.416336e+04 2.420321e+04 2.797201e-07
1.299000e+03 2.429666e+04 2.416721e+04 2.420707e+04 2.780810e-07
1.300000e+03 2.427075e+04 2.417099e+04 2.421087e+04 2.768078e-07
1.301000e+03 2.443605e+04 2.417471e+04 2.421459e+04 2.758711e-07
1.302000e+03 2.442641e+04 2.417837e+04 2.421825e+04 2.752464e-07
1.303000e+03 2.442843e+04 2.418195e+04 2.422184e+04 2.749129e-07
1.304000e+03 2.425043e+04 2.418547e+04 2.422537e+04 2.748533e-07
1.305000e+03 2.436525e+04 2.418892e+04 2.422882e+04 2.750528e-07
1.306000e+03 2.429782e+04 2.419230e+04 2.423221e+04 2.754996e-07
1.307000e+03 2.438130e+04 2.419562e+04 2.423553e+04 2.761838e-07
1.308000e+03 2.430293e+04 2.419887e+04 2.423879e+04 2.770974e-07
1.309000e+03 2.426491e+04 2.420205e+04 2.424197e+04 2.782341e-07
1.310000e+03 2.419363e+04 2.420517e+04 2.424509e+04 2.795893e-07
1.311000e+03 2.409829e+04 2.420821e+04 2.424815e+04 2.811596e-07
1.312000e+03 2.412134e+04 2.421119e+04 2.425113e+04 2.829429e-07
1.313000e+03 2.405441e+04 2.421411e+04 2.425405e+04 2.849386e-07
1.314000e+03 2.416005e+04 2.421695e+04 2.425690e+04 2.871467e-07
1.315000e+03 2.411955e+04 2.421973e+04 2.425968e+04 2.895685e-07
1.316000e+03 2.415180e+04 2.422244e+04 2.426240e+04 2.922065e-07
1.317000e+03 2.405371e+04 2.422509e+04 2.426505e+04 2.950640e-07
1.318000e+03 2.425350e+04 2.422766e+04 2.426763e+04 2.981451e-07
1.319000e+03 2.432979e+04 2.423017e+04 2.427014e+04 3.014553e-07
1.320000e+03 2.439946e+04 2.423261e+04 2.427259e+04 3.050008e-07
1.321000e+03 2.436457e+04 2.423499e+04 2.427497e+04 3.087889e-07
1.322000e+03 2.420666e+04 2.423730e+04 2.427728e+04 3.128277e-07
1.323000e+03 2.417541e+04 2.423954e+04 2.427952e+04 3.171268e-07
1.324000e+03 2.415716e+04 2.424171e+04 2.428170e+04 3.216963e-07
1.325000e+03 2.419552e+04 2.424382e+04 2.428381e+04 3.265483e-07
1.326000e+03 2.431046e+04 2.423787e+04 2.428585e+04 3.316957e-07
1.327000e+03 2.423595e+04 2.423985e+04 2.428783e+04 3.371524e-07
1.328000e+03 2.435637e+04 2.424175e+04 2.428974e+04 3.429344e-07
1.329000e+03 2.427116e+04 2.424359e+04 2.429158e+04 3.490586e-07
1.330000e+03 2.435134e+04 2.424536e+04 2.429335e+04 3.555442e-07
1.331000e+03 2.417373e+04 2.424706e+04 2.429506e+04 3.624116e-07
1.332000e+03 2.430675e+04 2.424870e+04 2.429670e+04 3.696860e-07
1.333000e+03 2.433473e+04 2.425026e+04 2.429827e+04 3.773878e-07
1.334000e+03 2.423898e+04 2.425176e+04 2.429977e+04 3.855464e-07
1.335000e+03 2.430605e+04 2.424521e+04 2.430121e+04 3.941916e-07
1.336000e+03 2.430191e+04 2.424658e+04 2.430258e+04 4.033561e-07
1.337000e+03 2.429871e+04 2.424788e+04 2.430388e+04 4.130759e-07
1.338000e+03 2.425814e+04 2.424911e+04 2.430512e+04 4.233905e-07
1.339000e+03 2.428725e+04 2.425028e+04 2.430628e+04 4.343435e-07
1.340000e+03 2.418934e+04 2.425137e+04 2.430738e+04 4.459826e-07
1.341000e+03 2.429114e+04 2.424443e+04 2.430842e+04 4.583610e-07
1.342000e+03 2.446682e+04 2.424539e+04 2.430938e+04 4.715367e-07
1.343000e+03 2.428712e+04 2.424629e+04 2.431028e+04 4.855746e-07
1.344000e+03 2.427330e+04 2.424711e+04 2.431111e+04 5.005464e-07
1.345000e+03 2.414114e+04 2.423990e+04 2.431188e+04 5.165315e-07
1.346000e+03 2.406596e+04 2.424060e+04 2.431257e+04 5.336190e-07
1.347000e+03 2.425427e+04 2.424122e+04 2.431320e+04 5.519075e-07
1.348000e+03 2.424450e+04 2.423381e+04 2.431376e+04 5.715078e-07
1.349000e+03 2.422146e+04 2.423430e+04 2.431426e+04 5.925437e-07
1.350000e+03 2.423354e+04 2.423473e+04 2.431468e+04 6.151546e-07
1.351000e+03 2.437446e+04 2.422712e+04 2.431504e+04 6.394979e-07
1.352000e+03 2.426732e+04 2.422741e+04 2.431534e+04 6.657503e-07
1.353000e+03 2.426800e+04 2.421968e+04 2.431556e+04 6.941134e-07
1.354000e+03 2.425504e+04 2.421983e+04 2.431572e+04 7.248155e-07
1.355000e+03 2.421757e+04 2.421196e+04 2.431581e+04 7.581171e-07
1.356000e+03 2.416098e+04 2.421199e+04 2.431583e+04 7.943166e-07
1.357000e+03 2.404791e+04 2.420399e+04 2.431579e+04 8.337563e-07
1.358000e+03 2.413877e+04 2.419594e+04 2.431568e+04 8.768314e-07
1.359000e+03 2.407405e+04 2.418782e+04 2.431550e+04 9.239988e-07
1.360000e+03 2.411320e+04 2.418757e+04 2.431525e+04 9.757898e-07
1.361000e+03 2.409021e+04 2.417933e+04 2.431494e+04 1.032826e-06
1.362000e+03 2.396348e+04 2.417102e+04 2.431456e+04 1.095834e-06
1.363000e+03 2.399591e+04 2.415473e+04 2.431411e+04 1.165674e-06
1.364000e+03 2.385787e+04 2.414630e+04 2.431360e+04 1.243365e-06
1.365000e+03 2.384239e+04 2.413781e+04 2.431301e+04 1.330120e-06
1.366000e+03 2.400605e+04 2.412137e+04 2.431237e+04 1.427397e-06
1.367000e+03 2.410507e+04 2.410488e+04 2.431165e+04 1.536955e-06
1.368000e+03 2.422589e+04 2.408834e+04 2.431086e+04 1.660935e-06
1.369000e+03 2.407775e+04 2.407176e+04 2.431001e+04 1.801958e-06
1.370000e+03 2.403341e+04 2.404728e+04 2.430909e+04 1.963259e-06
1.371000e+03 2.386609e+04 2.402278e+04 2.430811e+04 2.148865e-06
1.372000e+03 2.395320e+04 2.399045e+04 2.430705e+04 2.363832e-06
1.373000e+03 2.398930e+04 2.395814e+04 2.430593e+04 2.614569e-06
1.374000e+03 2.399098e+04 2.391807e+04 2.430474e+04 2.909272e-06
1.375000e+03 2.384148e+04 2.387034e+04 2.430349e+04 3.258531e-06
1.376000e+03 2.410225e+04 2.381502e+04 2.430216e+04 3.676162e-06
1.377000e+03 2.396646e+04 2.375222e+04 2.430077e+04 4.180341e-06
1.378000e+03 2.383050e+04 2.367445e+04 2.429932e+04 4.795162e-06
1.379000e+03 2.363254e+04 2.357446e+04 2.429779e+04 5.552708e-06
1.380000e+03 2.349704e+04 2.345279e+04 2.429620e+04 6.495517e-06
1.381000e+03 2.339855e+04 2.330277e+04 2.429454e+04 7.679174e-06
1.382000e+03 2.307759e+04 2.311821e+04 2.429281e+04 9.173570e-06
1.383000e+03 2.280589e+04 2.288656e+04 2.429102e+04 1.105961e-05
1.384000e+03 2.263021e+04 2.261070e+04 2.428916e+04 1.341528e-05
1.385000e+03 2.220138e+04 2.228045e+04 2.428723e+04 1.628286e-05
1.386000e+03 2.175596e+04 2.190730e+04 2.428523e+04 1.961270e-05
1.387000e+03 2.135166e+04 2.152113e+04 2.428317e+04 2.319560e-05
1.388000e+03 2.100307e+04 2.116039e+04 2.428104e+04 2.662338e-05
1.389000e+03 2.065289e+04 2.088821e+04 2.427884e+04 2.933488e-05
1.390000e+03 2.073457e+04 2.074494e+04 2.427657e+04 3.077450e-05
1.391000e+03 2.070834e+04 2.075465e+04 2.427424e+04 3.060933e-05
1.392000e+03 2.080584e+04 2.092376e+04 2.427184e+04 2.887939e-05
1.393000e+03 2.105688e+04 2.121733e+04 2.426938e+04 2.597887e-05
1.394000e+03 2.152773e+04 2.158239e+04 2.426684e+04 2.248168e-05
1.395000e+03 2.195459e+04 2.196026e+04 2.426424e+04 1.892739e-05
1.396000e+03 2.232600e+04 2.232447e+04 2.426157e+04 1.568410e-05
1.397000e+03 2.254964e+04 2.263809e+04 2.425883e+04 1.292389e-05
1.398000e+03 2.286371e+04 2.290343e+04 2.425603e+04 1.067234e-05
1.399000e+03 2.295973e+04 2.311677e+04 2.425316e+04 8.876190e-06
1.400000e+03 2.329771e+04 2.328974e+04 2.425022e+04 7.454926e-06
1.401000e+03 2.337632e+04 2.342789e+04 2.424721e+04 6.329213e-06
1.402000e+03 2.345909e+04 2.353747e+04 2.424414e+04 5.432009e-06
1.403000e+03 2.355912e+04 2.362523e+04 2.424100e+04 4.710551e-06
1.404000e+03 2.359100e+04 2.369830e+04 2.423779e+04 4.124628e-06
1.405000e+03 2.377125e+04 2.375641e+04 2.423452e+04 3.643976e-06
1.406000e+03 2.367159e+04 2.380703e+04 2.423117e+04 3.245844e-06
1.407000e+03 2.357877e+04 2.384232e+04 2.422776e+04 2.913058e-06
1.408000e+03 2.370393e+04 2.387766e+04 2.422429e+04 2.632539e-06
1.409000e+03 2.377893e+04 2.390527e+04 2.422074e+04 2.394245e-06
1.410000e+03 2.397225e+04 2.392507e+04 2.421713e+04 2.190392e-06
1.411000e+03 2.404100e+04 2.394485e+04 2.421345e+04 2.014881e-06
1.412000e+03 2.421548e+04 2.396460e+04 2.420971e+04 1.862895e-06
1.413000e+03 2.407998e+04 2.397649e+04 2.420589e+04 1.730589e-06
1.414000e+03 2.401925e+04 2.398832e+04 2.420201e+04 1.614873e-06
1.415000e+03 2.388139e+04 2.400011e+04 2.419806e+04 1.513240e-06
1.416000e+03 2.383627e+04 2.400398e+04 2.419405e+04 1.423644e-06
1.417000e+03 2.387389e+04 2.400779e+04 2.418996e+04 1.344399e-06
1.418000e+03 2.399218e+04 2.401940e+04 2.418581e+04 1.274111e-06
1.419000e+03 2.415679e+04 2.402308e+04 2.418160e+04 1.211618e-06
1.420000e+03 2.417482e+04 2.402670e+04 2.417731e+04 1.155946e-06
1.421000e+03 2.413716e+04 2.402238e+04 2.417296e+04 1.106275e-06
1.422000e+03 2.399230e+04 2.402586e+04 2.416854e+04 1.061912e-06
1.423000e+03 2.421288e+04 2.402928e+04 2.416405e+04 1.022266e-06
1.424000e+03 2.405098e+04 2.402475e+04 2.415950e+04 9.868357e-07
1.425000e+03 2.383152e+04 2.402804e+04 2.415488e+04 9.551894e-07
1.426000e+03 2.388293e+04 2.402338e+04 2.415019e+04 9.269572e-07
1.427000e+03 2.402286e+04 2.402653e+04 2.414543e+04 9.018210e-07
1.428000e+03 2.394298e+04 2.402173e+04 2.414061e+04 8.795058e-07
1.429000e+03 2.398034e+04 2.402475e+04 2.413572e+04 8.597743e-07
1.430000e+03 2.397621e+04 2.401981e+04 2.413076e+04 8.424212e-07
1.431000e+03 2.395146e+04 2.401481e+04 2.412574e+04 8.272687e-07
1.432000e+03 2.404455e+04 2.400974e+04 2.412064e+04 8.141632e-07
1.433000e+03 2.409821e+04 2.401249e+04 2.411548e+04 8.029721e-07
1.434000e+03 2.414491e+04 2.400729e+04 2.411026e+04 7.935810e-07
1.435000e+03 2.401536e+04 2.400202e+04 2.410496e+04 7.858920e-07
1.436000e+03 2.407528e+04 2.399668e+04 2.409960e+04 7.798216e-07
1.437000e+03 2.397875e+04 2.399127e+04 2.409417e+04 7.752992e-07
1.438000e+03 2.401205e+04 2.398580e+04 2.408868e+04 7.722657e-07
1.439000e+03 2.391423e+04 2.398026e+04 2.408311e+04 7.706727e-07
1.440000e+03 2.388084e+04 2.397465e+04 2.407748e+04 7.704813e-07
1.441000e+03 2.379473e+04 2.396898e+04 2.407178e+04 7.716611e-07
1.442000e+03 2.388373e+04 2.396324e+04 2.406602e+04 7.741905e-07
1.443000e+03 2.394759e+04 2.395743e+04 2.406018e+04 7.780546e-07
1.444000e+03 2.389925e+04 2.395155e+04 2.405428e+04 7.832464e-07
1.445000e+03 2.390234e+04 2.394561e+04 2.404832e+04 7.897649e-07
1.446000e+03 2.387548e+04 2.393960e+04 2.404228e+04 7.976157e-07
1.447000e+03 2.385528e+04 2.392567e+04 2.403618e+04 8.068102e-07
1.448000e+03 2.396736e+04 2.391953e+04 2.403001e+04 8.173657e-07
1.449000e+03 2.387077e+04 2.391332e+04 2.402377e+04 8.293046e-07
1.450000e+03 2.370209e+04 2.390704e+04 2.401747e+04 8.426526e-07
1.451000e+03 2.370389e+04 2.390070e+04 2.401110e+04 8.574466e-07
1.452000e+03 2.382157e+04 2.388645e+04 2.400466e+04 8.737209e-07
1.453000e+03 2.395559e+04 2.387997e+04 2.399815e+04 8.915171e-07
1.454000e+03 2.411189e+04 2.387343e+04 2.399158e+04 9.108797e-07
1.455000e+03 2.378498e+04 2.385899e+04 2.398494e+04 9.318572e-07
1.456000e+03 2.364170e+04 2.385232e+04 2.397823e+04 9.544999e-07
1.457000e+03 2.384986e+04 2.384558e+04 2.397146e+04 9.788605e-07
1.458000e+03 2.391580e+04 2.383095e+04 2.396461e+04 1.004992e-06
1.459000e+03 2.379314e+04 2.382408e+04 2.395770e+04 1.032948e-06
1.460000e+03 2.364496e+04 2.380933e+04 2.395072e+04 1.062779e-06
1.461000e+03 2.364714e+04 2.380233e+04 2.394368e+04 1.094533e-06
1.462000e+03 2.376109e+04 2.378746e+04 2.393657e+04 1.128252e-06
1.463000e+03 2.375321e+04 2.377253e+04 2.392939e+04 1.163969e-06
1.464000e+03 2.373141e+04 2.376533e+04 2.392214e+04 1.201707e-06
1.465000e+03 2.367373e+04 2.375028e+04 2.391483e+04 1.241474e-06
1.466000e+03 2.398146e+04 2.373517e+04 2.390745e+04 1.283258e-06
1.467000e+03 2.398089e+04 2.372777e+04 2.390000e+04 1.327023e-06
1.468000e+03 2.392382e+04 2.371254e+04 2.389248e+04 1.372707e-06
1.469000e+03 2.381271e+04 2.369726e+04 2.388490e+04 1.420210e-06
1.470000e+03 2.372954e+04 2.368192e+04 2.387725e+04 1.469392e-06
1.471000e+03 2.372102e+04 2.366652e+04 2.386953e+04 1.520068e-06
1.472000e+03 2.382393e+04 2.365880e+04 2.386175e+04 1.571994e-06
1.473000e+03 2.366116e+04 2.364328e+04 2.385389e+04 1.624872e-06
1.474000e+03 2.381877e+04 2.362770e+04 2.384597e+04 1.678335e-06
1.475000e+03 2.362450e+04 2.361207e+04 2.383799e+04 1.731947e-06
1.476000e+03 2.366273e+04 2.359638e+04 2.382993e+04 1.785204e-06
1.477000e+03 2.347593e+04 2.358064e+04 2.382181e+04 1.837532e-06
1.478000e+03 2.363032e+04 2.356484e+04 2.381362e+04 1.888293e-06
1.479000e+03 2.359864e+04 2.355667e+04 2.380537e+04 1.936795e-06
1.480000e+03 2.353157e+04 2.354074e+04 2.379704e+04 1.982307e-06
1.481000e+03 2.350955e+04 2.352476e+04 2.378865e+04 2.024076e-06
1.482000e+03 2.348557e+04 2.350873e+04 2.378019e+04 2.061353e-06
1.483000e+03 2.323914e+04 2.350030e+04 2.377167e+04 2.093420e-06
1.484000e+03 2.329061e+04 2.348415e+04 2.376308e+04 2.119621e-06
1.485000e+03 2.341468e+04 2.347559e+04 2.375442e+04 2.139388e-06
1.486000e+03 2.353180e+04 2.346696e+04 2.374569e+04 2.152273e-06
1.487000e+03 2.356221e+04 2.345827e+04 2.373689e+04 2.157971e-06
1.488000e+03 2.359661e+04 2.344952e+04 2.372803e+04 2.156332e-06
1.489000e+03 2.359993e+04 2.344069e+04 2.371910e+04 2.147377e-06
1.490000e+03 2.351346e+04 2.343180e+04 2.371011e+04 2.131288e-06
1.491000e+03 2.324882e+04 2.343048e+04 2.370104e+04 2.108405e-06
1.492000e+03 2.323554e+04 2.342146e+04 2.369191e+04 2.079203e-06
1.493000e+03 2.343037e+04 2.342000e+04 2.368271e+04 2.044271e-06
1.494000e+03 2.327477e+04 2.341084e+04 2.367345e+04 2.004279e-06
1.495000e+03 2.335496e+04 2.340924e+04 2.366411e+04 1.959954e-06
1.496000e+03 2.341380e+04 2.340758e+04 2.365471e+04 1.912044e-06
1.497000e+03 2.347391e+04 2.340586e+04 2.364524e+04 1.861296e-06
1.498000e+03 2.357987e+04 2.340406e+04 2.363571e+04 1.808430e-06
1.499000e+03 2.353468e+04 2.340220e+04 2.362611e+04 1.754124e-06
1.500000e+03 2.359782e+04 2.339262e+04 2.361644e+04 1.698998e-06
1.501000e+03 2.351173e+04 2.339062e+04 2.360670e+04 1.643605e-06
1.502000e+03 2.339630e+04 2.338855e+04 2.359689e+04 1.588432e-06
1.503000e+03 2.350750e+04 2.338641e+04 2.358702e+04 1.533893e-06
1.504000e+03 2.343563e+04 2.338421e+04 2.357708e+04 1.480333e-06
1.505000e+03 2.342255e+04 2.338193e+04 2.356708e+04 1.428036e-06
1.506000e+03 2.315982e+04 2.337959e+04 2.355700e+04 1.377224e-06
1.507000e+03 2.328273e+04 2.337718e+04 2.354686e+04 1.328069e-06
1.508000e+03 2.341734e+04 2.337471e+04 2.353665e+04 1.280694e-06
1.509000e+03 2.350743e+04 2.336450e+04 2.352638e+04 1.235186e-06
1.510000e+03 2.340027e+04 2.336188e+04 2.351604e+04 1.191594e-06
1.511000e+03 2.357118e+04 2.335920e+04 2.350563e+04 1.149943e-06
1.512000e+03 2.355579e+04 2.334878e+04 2.349515e+04 1.110233e-06
1.513000e+03 2.356998e+04 2.334596e+04 2.348460e+04 1.072446e-06
1.514000e+03 2.343023e+04 2.334306e+04 2.347399e+04 1.036550e-06
1.515000e+03 2.320930e+04 2.333245e+04 2.346331e+04 1.002503e-06
1.516000e+03 2.305680e+04 2.332941e+04 2.345256e+04 9.702514e-07
1.517000e+03 2.312721e+04 2.331866e+04 2.344175e+04 9.397401e-07
1.518000e+03 2.303453e+04 2.331548e+04 2.343087e+04 9.109079e-07
1.519000e+03 2.322104e+04 2.330459e+04 2.341992e+04 8.836920e-07
1.520000e+03 2.344686e+04 2.330128e+04 2.340890e+04 8.580287e-07
1.521000e+03 2.336832e+04 2.329024e+04 2.339782e+04 8.338553e-07
1.522000e+03 2.316855e+04 2.327914e+04 2.338667e+04 8.111094e-07
1.523000e+03 2.325173e+04 2.327562e+04 2.337545e+04 7.897308e-07
1.524000e+03 2.314352e+04 2.326438e+04 2.336417e+04 7.696615e-07
1.525000e+03 2.308454e+04 2.325308e+04 2.335281e+04 7.508463e-07
1.526000e+03 2.305655e+04 2.324935e+04 2.334139e+04 7.332325e-07
1.527000e+03 2.292027e+04 2.323791e+04 2.332991e+04 7.167716e-07
1.528000e+03 2.282432e+04 2.322640e+04 2.331835e+04 7.014169e-07
1.529000e+03 2.285777e+04 2.321482e+04 2.330673e+04 6.871265e-07
1.530000e+03 2.307971e+04 2.321081e+04 2.329504e+04 6.738617e-07
1.531000e+03 2.309627e+04 2.319909e+04 2.328328e+04 6.615870e-07
1.532000e+03 2.296918e+04 2.318731e+04 2.327146e+04 6.502713e-07
1.533000e+03 2.301777e+04 2.317546e+04 2.325957e+04 6.398868e-07
1.534000e+03 2.310793e+04 2.316355e+04 2.324761e+04 6.304094e-07
1.535000e+03 2.318275e+04 2.315918e+04 2.323558e+04 6.218196e-07
1.536000e+03 2.302693e+04 2.314713e+04 2.322349e+04 6.141012e-07
1.537000e+03 2.302211e+04 2.313500e+04 2.321133e+04 6.072427e-07
1.538000e+03 2.288555e+04 2.312282e+04 2.319910e+04 6.012370e-07
1.539000e+03 2.278054e+04 2.311056e+04 2.318681e+04 5.960819e-07
1.540000e+03 2.288250e+04 2.309824e+04 2.317445e+04 5.917798e-07
1.541000e+03 2.289077e+04 2.308585e+04 2.316202e+04 5.883390e-07
1.542000e+03 2.296779e+04 2.307339e+04 2.314952e+04 5.857738e-07
1.543000e+03 2.300784e+04 2.306087e+04 2.313696e+04 5.841051e-07
1.544000e+03 2.278805e+04 2.304828e+04 2.312432e+04 5.833613e-07
1.545000e+03 2.291082e+04 2.303563e+04 2.311163e+04 5.835797e-07
1.546000e+03 2.282316e+04 2.302290e+04 2.309886e+04 5.848070e-07
1.547000e+03 2.269602e+04 2.301011e+04 2.308602e+04 5.871017e-07
1.548000e+03 2.268523e+04 2.299725e+04 2.307312e+04 5.905355e-07
1.549000e+03 2.271570e+04 2.298433e+04 2.306016e+04 5.951963e-07
1.550000e+03 2.257184e+04 2.297133e+04 2.304712e+04 6.011908e-07
1.551000e+03 2.271398e+04 2.295827e+04 2.303402e+04 6.086493e-07
1.552000e+03 2.268671e+04 2.294515e+04 2.302085e+04 6.177295e-07
1.553000e+03 2.266130e+04 2.292441e+04 2.300761e+04 6.286247e-07
1.554000e+03 2.262002e+04 2.291116e+04 2.299430e+04 6.415712e-07
1.555000e+03 2.266777e+04 2.289783e+04 2.298093e+04 6.568596e-07
1.556000e+03 2.259970e+04 2.288444e+04 2.296749e+04 6.748504e-07
1.557000e+03 2.260255e+04 2.286347e+04 2.295399e+04 6.959932e-07
1.558000e+03 2.245839e+04 2.284995e+04 2.294041e+04 7.208540e-07
1.559000e+03 2.232888e+04 2.282886e+04 2.292677e+04 7.501524e-07
1.560000e+03 2.250180e+04 2.281521e+04 2.291306e+04 7.848138e-07
1.561000e+03 2.243805e+04 2.279400e+04 2.289929e+04 8.260430e-07
1.562000e+03 2.249877e+04 2.277274e+04 2.288544e+04 8.754311e-07
1.563000e+03 2.254439e+04 2.275143e+04 2.287153e+04 9.351128e-07
1.564000e+03 2.267973e+04 2.273007e+04 2.285755e+04 1.008005e-06
1.565000e+03 2.266163e+04 2.270865e+04 2.284351e+04 1.098174e-06
1.566000e+03 2.258314e+04 2.267975e+04 2.282940e+04 1.211412e-06
1.567000e+03 2.229150e+04 2.264339e+04 2.281522e+04 1.356186e-06
1.568000e+03 2.222518e+04 2.260705e+04 2.280097e+04 1.545222e-06
1.569000e+03 2.226045e+04 2.256333e+04 2.278666e+04 1.798172e-06
1.570000e+03 2.229603e+04 2.250498e+04 2.277227e+04 2.146169e-06
1.571000e+03 2.222402e+04 2.243218e+04 2.275782e+04 2.639002e-06
1.572000e+03 2.200904e+04 2.233073e+04 2.274331e+04 3.354048e-06
1.573000e+03 2.185684e+04 2.218704e+04 2.272872e+04 4.398530e-06
1.574000e+03 2.163429e+04 2.199564e+04 2.271407e+04 5.879517e-06
1.575000e+03 2.144282e+04 2.175893e+04 2.269936e+04 7.804477e-06
1.576000e+03 2.138346e+04 2.150670e+04 2.268457e+04 9.924124e-06
1.577000e+03 2.152536e+04 2.129281e+04 2.266972e+04 1.166613e-05
1.578000e+03 2.167802e+04 2.120651e+04 2.265480e+04 1.236325e-05
1.579000e+03 2.155180e+04 2.126472e+04 2.263981e+04 1.170748e-05
1.580000e+03 2.158966e+04 2.143658e+04 2.262475e+04 9.997601e-06
1.581000e+03 2.167989e+04 2.165923e+04 2.260963e+04 7.898828e-06
1.582000e+03 2.187100e+04 2.187281e+04 2.259444e+04 5.987979e-06
1.583000e+03 2.211963e+04 2.202688e+04 2.257919e+04 4.519822e-06
1.584000e+03 2.233095e+04 2.213303e+04 2.256386e+04 3.489917e-06
1.585000e+03 2.246557e+04 2.220416e+04 2.254847e+04 2.791898e-06
1.586000e+03 2.244661e+04 2.224676e+04 2.253301e+04 2.318256e-06
1.587000e+03 2.235705e+04 2.227497e+04 2.251748e+04 1.991194e-06
1.588000e+03 2.235282e+04 2.228136e+04 2.250189e+04 1.760645e-06
1.589000e+03 2.217312e+04 2.228769e+04 2.248623e+04 1.595358e-06
1.590000e+03 2.220673e+04 2.228668e+04 2.247050e+04 1.475653e-06
1.591000e+03 2.206645e+04 2.228560e+04 2.245471e+04 1.388859e-06
1.592000e+03 2.205063e+04 2.227715e+04 2.243885e+04 1.326599e-06
1.593000e+03 2.207459e+04 2.226134e+04 2.242292e+04 1.283216e-06
1.594000e+03 2.219907e+04 2.225274e+04 2.240692e+04 1.254799e-06
1.595000e+03 2.231779e+04 2.223679e+04 2.239085e+04 1.238620e-06
1.596000e+03 2.230589e+04 2.222077e+04 2.237472e+04 1.232759e-06
1.597000e+03 2.206177e+04 2.220468e+04 2.235852e+04 1.235867e-06
1.598000e+03 2.206771e+04 2.218853e+04 2.234226e+04 1.247018e-06
1.599000e+03 2.221845e+04 2.217230e+04 2.232592e+04 1.265601e-06
1.600000e+03 2.194318e+04 2.214876e+04 2.230952e+04 1.291252e-06
1.601000e+03 2.199273e+04 2.213241e+04 2.229305e+04 1.323814e-06
1.602000e+03 2.189634e+04 2.210875e+04 2.227652e+04 1.363301e-06
1.603000e+03 2.195466e+04 2.208504e+04 2.225991e+04 1.409887e-06
1.604000e+03 2.202673e+04 2.206128e+04 2.224324e+04 1.463895e-06
1.605000e+03 2.216455e+04 2.203747e+04 2.222651e+04 1.525799e-06
1.606000e+03 2.198625e+04 2.201360e+04 2.220970e+04 1.596228e-06
1.607000e+03 2.203409e+04 2.198969e+04 2.219283e+04 1.675987e-06
1.608000e+03 2.211582e+04 2.195855e+04 2.217589e+04 1.766071e-06
1.609000e+03 2.200471e+04 2.193454e+04 2.215888e+04 1.867700e-06
1.610000e+03 2.184689e+04 2.190333e+04 2.214181e+04 1.982359e-06
1.611000e+03 2.175914e+04 2.187210e+04 2.212467e+04 2.111848e-06
1.612000e+03 2.166280e+04 2.183372e+04 2.210746e+04 2.258353e-06
1.613000e+03 2.176816e+04 2.179536e+04 2.209018e+04 2.424536e-06
1.614000e+03 2.171150e+04 2.175700e+04 2.207284e+04 2.613648e-06
1.615000e+03 2.171071e+04 2.171865e+04 2.205543e+04 2.829689e-06
1.616000e+03 2.169768e+04 2.166624e+04 2.203795e+04 3.077608e-06
1.617000e+03 2.166466e+04 2.162094e+04 2.202040e+04 3.363573e-06
1.618000e+03 2.153539e+04 2.156174e+04 2.200279e+04 3.695340e-06
1.619000e+03 2.145393e+04 2.150270e+04 2.198511e+04 4.082751e-06
1.620000e+03 2.147905e+04 2.143002e+04 2.196736e+04 4.538424e-06
1.621000e+03 2.138977e+04 2.135079e+04 2.194955e+04 5.078718e-06
1.622000e+03 2.129514e+04 2.125836e+04 2.193166e+04 5.725024e-06
1.623000e+03 2.111986e+04 2.115302e+04 2.191371e+04 6.505713e-06
1.624000e+03 2.094784e+04 2.102847e+04 2.189570e+04 7.458777e-06
1.625000e+03 2.091525e+04 2.087879e+04 2.187762e+04 8.635534e-06
1.626000e+03 2.069234e+04 2.069854e+04 2.185946e+04 1.010566e-05
1.627000e+03 2.032550e+04 2.048292e+04 2.184124e+04 1.196339e-05
1.628000e+03 2.018318e+04 2.022176e+04 2.182296e+04 1.433388e-05
1.629000e+03 1.994655e+04 1.988858e+04 2.180461e+04 1.737557e-05
1.630000e+03 1.963034e+04 1.949053e+04 2.178619e+04 2.126985e-05
1.631000e+03 1.911946e+04 1.901380e+04 2.176770e+04 2.618172e-05
1.632000e+03 1.851634e+04 1.846028e+04 2.174914e+04 3.217367e-05
1.633000e+03 1.786382e+04 1.786902e+04 2.173052e+04 3.907140e-05
1.634000e+03 1.719446e+04 1.728166e+04 2.171183e+04 4.632564e-05
1.635000e+03 1.683354e+04 1.677339e+04 2.169307e+04 5.297340e-05
1.636000e+03 1.630346e+04 1.641956e+04 2.167425e+04 5.781008e-05
1.637000e+03 1.616525e+04 1.627104e+04 2.165536e+04 5.977969e-05
1.638000e+03 1.628029e+04 1.635002e+04 2.163640e+04 5.841091e-05
1.639000e+03 1.672912e+04 1.664269e+04 2.161737e+04 5.403303e-05
1.640000e+03 1.732918e+04 1.709253e+04 2.159828e+04 4.762379e-05
1.641000e+03 1.777650e+04 1.763448e+04 2.157912e+04 4.039446e-05
1.642000e+03 1.824939e+04 1.819772e+04 2.155989e+04 3.337299e-05
1.643000e+03 1.858595e+04 1.872370e+04 2.154059e+04 2.718727e-05
1.644000e+03 1.901814e+04 1.917990e+04 2.152123e+04 2.207172e-05
1.645000e+03 1.931930e+04 1.955354e+04 2.150180e+04 1.799641e-05
1.646000e+03 1.960625e+04 1.985753e+04 2.148230e+04 1.480718e-05
1.647000e+03 2.000389e+04 2.009066e+04 2.146274e+04 1.232155e-05
1.648000e+03 2.033684e+04 2.027895e+04 2.144310e+04 1.037542e-05
1.649000e+03 2.050320e+04 2.042603e+04 2.142340e+04 8.837435e-06
1.650000e+03 2.058570e+04 2.053638e+04 2.140364e+04 7.608078e-06
1.651000e+03 2.063221e+04 2.062836e+04 2.138380e+04 6.613599e-06
1.652000e+03 2.079730e+04 2.070140e+04 2.136390e+04 5.799711e-06
1.653000e+03 2.090368e+04 2.075504e+04 2.134393e+04 5.126250e-06
1.654000e+03 2.093205e+04 2.079560e+04 2.132390e+04 4.563274e-06
1.655000e+03 2.090407e+04 2.082961e+04 2.130379e+04 4.088249e-06
1.656000e+03 2.094245e+04 2.085699e+04 2.128362e+04 3.683975e-06
1.657000e+03 2.090955e+04 2.087765e+04 2.126338e+04 3.337199e-06
1.658000e+03 2.090382e+04 2.089156e+04 2.124308e+04 3.037598e-06
1.659000e+03 2.087105e+04 2.089864e+04 2.122271e+04 2.777041e-06
1.660000e+03 2.113930e+04 2.090569e+04 2.120227e+04 2.549060e-06
1.661000e+03 2.106032e+04 2.091268e+04 2.118176e+04 2.348465e-06
1.662000e+03 2.100557e+04 2.091280e+04 2.116119e+04 2.171050e-06
1.663000e+03 2.093248e+04 2.090603e+04 2.114054e+04 2.013387e-06
1.664000e+03 2.088775e+04 2.090601e+04 2.111983e+04 1.872651e-06
1.665000e+03 2.087646e+04 2.089910e+04 2.109906e+04 1.746505e-06
1.666000e+03 2.103207e+04 2.089211e+04 2.107821e+04 1.633001e-06
1.667000e+03 2.105618e+04 2.087821e+04 2.105730e+04 1.530503e-06
1.668000e+03 2.103195e+04 2.087106e+04 2.103632e+04 1.437632e-06
1.669000e+03 2.092043e+04 2.085701e+04 2.101528e+04 1.353216e-06
1.670000e+03 2.099918e+04 2.084971e+04 2.099417e+04 1.276257e-06
1.671000e+03 2.077600e+04 2.083550e+04 2.097299e+04 1.205901e-06
1.672000e+03 2.083070e+04 2.082122e+04 2.095174e+04 1.141410e-06
1.673000e+03 2.078100e+04 2.080686e+04 2.093042e+04 1.082147e-06
1.674000e+03 2.097146e+04 2.079242e+04 2.090904e+04 1.027561e-06
1.675000e+03 2.089914e+04 2.077791e+04 2.088759e+04 9.771696e-07
1.676000e+03 2.089675e+04 2.075651e+04 2.086607e+04 9.305514e-07
1.677000e+03 2.086375e+04 2.074184e+04 2.084449e+04 8.873370e-07
1.678000e+03 2.088021e+04 2.072710e+04 2.082284e+04 8.472008e-07
1.679000e+03 2.079046e+04 2.070548e+04 2.080112e+04 8.098557e-07
1.680000e+03 2.080752e+04 2.069059e+04 2.077933e+04 7.750468e-07
1.681000e+03 2.095754e+04 2.067562e+04 2.075748e+04 7.425478e-07
1.682000e+03 2.105930e+04 2.065379e+04 2.073556e+04 7.121573e-07
1.683000e+03 2.094613e+04 2.063867e+04 2.071357e+04 6.836952e-07
1.684000e+03 2.077341e+04 2.061669e+04 2.069151e+04 6.570003e-07
1.685000e+03 2.079273e+04 2.059465e+04 2.066939e+04 6.319279e-07
1.686000e+03 2.094854e+04 2.057930e+04 2.064720e+04 6.083480e-07
1.687000e+03 2.084277e+04 2.055712e+04 2.062495e+04 5.861432e-07
1.688000e+03 2.074809e+04 2.054163e+04 2.060262e+04 5.652074e-07
1.689000e+03 2.071834e+04 2.051930e+04 2.058023e+04 5.454447e-07
1.690000e+03 2.063977e+04 2.049691e+04 2.055777e+04 5.267680e-07
1.691000e+03 2.064293e+04 2.047445e+04 2.053524e+04 5.090982e-07
1.692000e+03 2.068221e+04 2.045865e+04 2.051265e+04 4.923636e-07
1.693000e+03 2.071050e+04 2.043605e+04 2.048999e+04 4.764981e-07
1.694000e+03 2.058538e+04 2.041338e+04 2.046726e+04 4.614419e-07
1.695000e+03 2.052796e+04 2.039064e+04 2.044446e+04 4.471401e-07
1.696000e+03 2.039170e+04 2.037454e+04 2.042160e+04 4.335425e-07
1.697000e+03 2.051830e+04 2.035167e+04 2.039867e+04 4.206028e-07
1.698000e+03 2.054373e+04 2.032872e+04 2.037567e+04 4.082787e-07
1.699000e+03 2.055782e+04 2.030571e+04 2.035261e+04 3.965310e-07
1.700000e+03 2.050316e+04 2.028931e+04 2.032947e+04 3.853239e-07
1.701000e+03 2.040871e+04 2.026615e+04 2.030627e+04 3.746240e-07
