 17782.02
 17767.18
 17783.87
 17830.26
 17816.42
 17815.36
 17823.97
 17898.5
 17851.33
 17856.88
 17834.29
 17865.25
 17849.17
 17801.5
 17782.53
 17744.14
 17902.34
 17890.03
 17810.48
 17803.74
 17830.06
 17886.77
 17842.56
 17836.72
 17861.09
 17804.72
 17884.37
 17882.51
 17882.03
 17813.41
 17792.9
 17857.06
 17854.94
 17885.15
 17806.26
 17805.94
 17854.24
 17863.57
 17853.46
 17784.53
 17796.78
 17833.79
 17785.82
 17801.97
 17887.25
 17882.06
 17732.83
 17838.48
 17781.62
 17815.28
 17889.74
 17833.89
 17804.77
 17807.23
 17859.02
 17859.12
 17890.1
 17922.72
 17785.95
 17784.1
 17821.65
 17857.04
 17860.34
 17823.71
 17863.87
 17855.06
 17829.76
 17861.22
 17840.58
 17862.58
 17871.31
 17833.1
 17898.54
 17856.85
 17849.82
 17850.46
 17872.4
 17832.32
 17858.59
 17871.52
 17848.72
 17886.64
 17841.54
 17908.51
 17885.14
 17883.31
 17824.48
 17864.42
 17892.66
 17882.03
 17789.02
 17824.32
 17905.89
 17910.19
 17876.45
 17853.26
 17837.25
 17811.79
 17818.78
 17835.12
 17846.74
 17798.02
 17781.26
 17799.79
 17897.18
 17841.52
 17876.24
 17840.02
 17864.77
 17868.66
 17874.48
 17839.33
 17865.86
 17862.8
 17853.89
 17816.78
 17838.32
 17882.99
 17777.66
 17845.25
 17844.37
 17820.62
 17853.89
 17857.01
 17870.29
 17846.14
 17844.1
 17844.67
 17859.52
 17886.59
 17883.02
 17856.64
 17861.94
 17842.42
 17910.26
 17874.61
 17832.46
 17829.34
 17870.37
 17805.5
 17844.66
 17863.84
 17818.75
 17884.67
 17857.33
 17863.9
 17878.59
 17835.6
 17872.11
 17845.02
 17783.9
 17809.31
 17891.98
 17876.1
 17852.16
 17810.1
 17804.11
 17919.89
 17898.32
 17858.1
 17817.55
 17834.34
 17758.26
 17842.61
 17865.78
 17861.94
 17901.02
 17853.55
 17879.81
 17819.34
 17875.62
 17837.02
 17959.41
 17936.59
 17875.76
 17874.94
 17819.84
 17871.34
 17903.07
 17870.83
 17937.87
 17835.3
 17844.24
 17865.25
 17893.09
 17905.87
 17869.73
 17833.57
 17925.18
 17884.35
 17806.59
 17833.62
 17843.02
 17920.29
 17865.7
 17827.63
 17819.76
 17829.92
 17848.18
 17902.24
 17933.63
 17916.62
 17865.81
 17840.67
 17877.17
 17800.58
 17928.34
 17942.24
 17862.64
 17917.98
 17851.81
 17872.7
 17798.18
 17838.85
 17974.99
 17853.18
 17888.24
 17895.22
 17894
 17922.69
 17878.69
 17882.16
 17923.89
 17913.31
 17930.08
 17914.48
 17928.66
 17899.26
 17911.78
 17898.53
 17986.74
 17839.38
 17846.11
 17863.82
 17930.51
 17870.88
 17890.14
 17836.75
 17877.84
 17847.04
 17951.33
 17869.74
 17855.6
 17881.44
 17927.18
 17943.54
 17907.22
 17933.23
 17886.91
 17869.68
 17935.31
 17884.43
 17834.4
 17870.82
 17934.9
 17880.22
 17913.62
 18015.73
 18086.96
 18056.24
 18092.61
 18185.65
 18196.7
 18219.42
 18259.3
 18293.74
 18298.19
 18329.04
 18387.36
 18389.31
 18459.6
 18467.34
 18492.21
 18517.89
 18595.86
 18622.29
 18534.66
 18686.74
 18650.43
 18745.9
 18682.85
 18690.83
 18738.83
 18722.72
 18766.85
 18808.1
 18863.95
 18960.27
 18915.82
 18956.35
 19025.49
 18967.74
 19027.6
 19063.57
 19072.34
 19062.85
 19143.44
 19138.45
 19129.18
 19147.07
 19134.86
 19170.24
 19144.53
 19181.87
 19004.8
 18916.77
 18772.06
 18825.86
 18898.99
 19034.27
 19150.96
 19184.72
 19363.07
 19401.58
 19462.29
 19526.82
 19591.42
 19521.25
 19609.81
 19630.19
 19614.7
 19649.86
 19613.3
 19661.17
 19455.79
 19405.18
 19171.01
 18988.5
 18849.42
 18852.74
 18959.82
 19075.5
 19205.7
 19421.31
 19602.66
 19817.12
 19834.67
 19976.61
 20061.41
 20165.68
 20271.52
 20256.98
 20311.5
 20314.48
 20407.2
 20479.31
 20465.55
 20580.34
 20590.53
 20548.85
 20646.18
 20681.38
 20795.73
 20817.2
 20841.28
 20827.65
 20842.38
 20904.38
 21010.16
 21003.25
 21037.07
 21101.7
 21012.29
 21176.61
 21053.63
 21101.34
 21172.69
 21181.94
 21246.53
 21287.65
 21333.79
 21264.45
 21269.2
 21388.58
 21455.81
 21492.14
 21491.04
 21440.13
 21548.91
 21559.89
 21620.02
 21542.78
 21592.06
 21676.37
 21686.78
 21695.94
 21819.12
 21842.61
 21858.62
 21944.46
 21862.82
 21935.79
 21907.74
 22033.89
 22004.85
 22014.11
 22030.7
 22113.38
 22067.41
 22120.85
 22218.51
 22159.71
 22275.04
 22237.73
 22307.22
 22318.27
 22332.96
 22328.62
 22313.82
 22370.08
 22457.87
 22487.23
 22535.65
 22502.61
 22513.57
 22428.18
 22504.02
 22482.46
 22522.43
 22501.18
 22536.18
 22572.8
 22570.98
 22542.21
 22497.89
 22435.81
 22351.17
 22400.14
 22381.47
 22260.05
 22209.36
 21991.84
 21810.03
 21617.07
 21346.83
 20966.85
 20551.58
 20058.66
 19528.14
 19153.62
 18995.63
 18767.6
 19016.48
 19197.74
 19604.24
 19862.82
 20298.66
 20604.38
 21005.31
 21290.75
 21603.6
 21858.05
 22057.5
 22286.96
 22523.09
 22706.66
 22885.25
 22976.54
 23142.88
 23256.62
 23393.18
 23390.22
 23543.2
 23609.87
 23720.18
 23718.4
 23756.77
 23857.55
 23946.48
 23997.17
 24090.8
 24014.67
 24156.14
 24130.62
 24194.62
 24247.07
 24303.26
 24319.95
 24408.86
 24399.25
 24474.82
 24479.41
 24510.02
 24563.7
 24567.3
 24626.98
 24590.96
 24652.05
 24655.36
 24755.02
 24816.8
 24858.21
 24865.36
 24833.66
 24819.12
 24836.53
 25025.22
 25055.79
 25082.26
 25086.7
 25100.43
 25118.29
 25073.68
 25163.57
 25108.3
 25267.74
 25313.07
 25343.12
 25376.59
 25374.98
 25393.92
 25508.7
 25357.65
 25362.99
 25368
 25281.2
 25291.12
 25301.23
 25203.62
 25474.93
 25540.62
 25529.22
 25547.9
 25687.78
 25757.15
 25847.54
 25817.39
 25925.66
 25953.28
 25859.46
 25873.97
 25884.4
 25944.19
 25976.21
 26100.4
 26157.49
 26161.44
 26087.33
 26118.58
 26188.99
 26310.06
 26335.41
 26394.96
 26413.23
 26406.82
 26432.13
 26491.89
 26439.02
 26441.1
 26419.36
 26532.32
 26554.35
 26558.69
 26595.41
 26616.34
 26599.95
 26677.6
 26694.99
 26727.41
 26763.06
 26807.97
 26829.54
 26847.82
 26900.38
 26888.66
 26866.16
 26915.73
 26933.89
 26984.7
 27119.42
 27048.08
 27018.61
 26971.9
 27028.66
 27010.18
 27040.8
 27104.03
 27278.21
 27184.06
 27068.14
 27098.93
 27134.64
 27107.87
 27190.05
 27279.36
 27376.91
 27333.07
 27387.26
 27535.23
 27538.08
 27487.7
 27540.42
 27556.61
 27645.98
 27639.74
 27671.57
 27685.5
 27754.77
 27719.12
 27726.9
 27769.09
 27762.38
 27803.82
 27771.97
 27836.96
 28051.55
 28037.76
 27949.97
 27954.46
 27958.8
 27911.01
 28117.22
 28040.83
 28088.56
 28131.34
 28107.58
 28127.86
 28140.96
 28092.06
 28154.64
 28240.99
 28295.2
 28284.51
 28334.32
 28382.58
 28406.7
 28404.46
 28335.73
 28438.93
 28324.05
 28500.98
 28528.69
 28618.64
 28578.34
 28605.5
 28662.08
 28635.39
 28583.44
 28632.45
 28642.54
 28726
 28834.42
 28771.82
 28709.1
 28684.8
 28797.7
 28854.54
 28732.45
 28874.48
 28980.48
 28980.38
 28997.98
 28987.2
 28949.26
 28994.53
 29090.03
 29064.02
 29066.29
 29120.08
 29163.95
 29153.28
 29061.23
 29072.72
 29092.98
 29140.72
 29242
 29246.45
 29198.35
 29319.34
 29319.98
 29370.16
 29427.57
 29328.74
 29444.22
 29460.82
 29574.58
 29517.5
 29467.41
 29498.88
 29512.26
 29525.07
 29572.53
 29686.99
 29668.29
 29772.08
 29813.22
 29786.88
 29751.1
 29744.13
 29780.08
 29901.14
 29891.25
 29911.1
 29815.26
 29857.46
 29890.7
 29935.46
 29894.7
 29898.51
 29840.11
 29880.14
 29939.06
 29922.3
 29854.34
 29880.62
 29798.59
 29815.22
 29969.07
 30048.64
 30081.26
 30129.84
 30314.24
 30307.23
 30307.47
 30308.85
 30387.94
 30446.85
 30393.49
 30354.29
 30374.29
 30380.51
 30462.58
 30407.44
 30349.73
 30459.79
 30495.86
 30519.81
 30532.02
 30574.51
 30569.54
 30634.38
 30689.66
 30705.23
 30600.78
 30632.8
 30712.98
 30754.26
 30746.19
 30835.54
 30851.17
 30834.86
 30837.9
 30931.65
 30978.91
 31004.24
 31019.22
 31004.99
 31069.02
 30979.73
 30967.98
 31136.02
 31170.26
 31240.96
 31125.6
 31182.96
 31316.21
 31282.06
 31326.21
 31195.49
 31223.09
 31260.24
 31453.12
 31500.26
 31473.5
 31573.79
 31518.75
 31596.7
 31591.38
 31553.47
 31528.45
 31632.02
 31663.89
 31683.68
 31701.47
 31771.22
 31733.2
 31825.49
 31796.48
 31855.04
 31817.3
 31892.45
 31905.47
 31879.12
 31943.92
 31823.71
 31874.22
 31901.49
 31996.32
 32121.3
 32163.09
 32177.28
 32220.38
 32251.54
 32145.04
 32127.98
 32216.62
 32312.3
 32297.46
 32171.98
 32226.61
 32201.92
 32285.78
 32303.42
 32350.29
 32399.17
 32385.73
 32271.33
 32218.96
 32079.62
 31884.1
 31918.96
 31930.74
 32114.35
 32188.86
 32306.38
 32507.17
 32548.8
 32569.3
 32537.25
 32569.57
 32518.78
 32690.59
 32838.95
 32779.34
 32846.51
 32838.11
 32949.57
 32978.96
 32862.26
 32840.69
 32922.96
 33028.72
 32980.43
 32960.7
 32957.71
 32898.16
 33010.11
 33022.27
 33167.78
 33171.18
 33208.21
 33281.12
 33337.07
 33293.21
 33237.23
 33284.16
 33346.22
 33413.39
 33495.98
 33428.22
 33376.19
 33499.47
 33425.11
 33295.97
 33348.38
 33530.8
 33634.51
 33652.61
 33628.26
 33531.82
 33540.99
 33576.21
 33614.05
 33584.86
 33580.96
 33665.68
 33774.93
 33894.85
 33752.91
 33781.95
 33696.75
 33718.67
 33848.14
 33931.95
 33989.07
 34025.04
 34033.87
 33917.02
 33790.64
 33835.33
 33925.05
 33919.05
 34014.18
 33974.41
 34027.27
 34027.9
 34032.34
 34056.4
 34115.18
 34096.02
 34205.44
 34174.98
 34223.3
 34218.91
 34260.27
 34073.74
 34176.41
 34203.73
 34137.23
 33991.54
 34028.35
 34050.05
 34158.46
 34098.8
 34214.72
 34275.27
 34324.88
 34263.15
 34321.84
 34278.24
 34262.66
 34178.73
 34253.78
 34276.02
 34246.56
 34243.68
 34385.76
 34324.24
 34298.57
 34187.87
 34202.14
 34152.91
 34101.81
 34016.95
 34033.97
 34099.84
 34102.53
 34107.68
 33954
 33914.34
 33930.72
 33914.75
 33759.47
 33633.92
 33604.96
 33438.7
 33396.43
 33232.11
 32956.14
 32891.3
 32608.43
 32425.86
 31998.62
 31655.18
 31071.52
 30611.74
 29812.35
 28778.75
 27477.95
 25873.84
 24254.8
 23118.45
 22453.47
 21718.46
 20750.83
 20053.6
 19818
 19953.46
 20600.83
 21405.39
 22306.54
 23289.02
 24320.51
 25189.68
 26013.66
 26789.66
 27181.28
 27292.18
 27089.26
 26216.37
 24588.24
 22670.1
 21903.82
 22314.56
 23412.08
 24470.75
 25076.56
 24951.66
 24084.35
 22587.58
 21181.62
 20325.71
 20288.9
 20938.4
 21831.73
 23165.6
 24559.6
 25845.74
 27096.69
 28242.03
 29262.38
 30148.62
 30974.4
 31524.64
 32144.83
 32542.43
 32991.79
 33463.65
 33740.48
 33833.36
 34166.35
 34474.86
 34664.26
 34772.41
 34886.18
 35116.02
 35279.05
 35282.41
 35353.55
 35274.99
 35446.18
 35585.62
 35700.19
 35706.48
 35849.46
 35980.27
 35982.08
 36103.78
 36196.22
 36276.86
 36334.45
 36351.01
 36572.98
 36535.14
 36534.86
 36569.76
 36641.55
 36517.97
 36432.21
 36572.98
 36659.54
 36779.2
 36883.9
 36895.15
 36774.32
 36649.47
 36725.15
 36870.27
 37063.73
 36959.49
 37097.5
 36900.89
 36985.15
 37213.41
 37157.02
 37115.47
 37092.08
 37117.87
 37290.59
 37487.79
 37399.86
 37389.52
 37403.12
 37397.71
 37417.25
 37535.49
 37596.3
 37752.32
 37932.19
 37729.65
 37772.43
 37640.16
 37608.51
 37596.82
 37629.11
 37409.14
 37204.22
 36975.84
 36143.21
 35151.62
 34732.06
 34771.18
 35264.75
 35975.5
 36404.3
 36825.73
 36982.29
 37019.14
 36802.54
 36575.81
 36477.25
 36674.86
 37065.57
 37364.4
 37506.1
 37512.5
 37465.62
 37652.19
 37810.8
 37588.06
 37425.47
 37421.78
 37524.06
 37661.98
 37678.61
 37512.16
 37352.21
 37218.22
 36935.17
 36586.1
 36180.93
 35945.65
 35465.25
 34955.31
 34186.86
 33319.21
 32408.37
 31210.02
 30183.12
 29477.33
 29068.08
 29108.24
 29564.24
 30278.29
 31030.24
 31874.05
 32587.82
 33389.55
 34078.82
 34693.02
 35075.05
 35386.98
 35516.5
 35846.95
 35957.87
 36021.68
 35983.94
 35926.08
 35879.74
 35786.91
 35509.34
 35315.94
 34793.09
 34087.02
 33565.59
 32501.86
 31202.53
 29834.21
 27920
 26086.91
 24347.02
 23174.56
 22556
 22530.1
 23024.7
 23847.6
 24966.45
 26169.23
 27517.28
 28846.62
 30068.32
 31198.74
 32134
 32993.17
 33830.67
 34582.24
 35107.2
 35705.95
 36101.21
 36639.78
 36893.74
 37274.5
 37561.84
 37829.11
 38007.59
 38148.86
 38423.38
 38465.98
 38609.23
 38815.87
 38788.41
 38864.16
 38835.15
 39053.3
 39283.92
 39348.05
 39416.59
 39378.45
 39212.99
 39325.54
 39187.62
 39388
 39611.07
 39610.72
 39491.94
 39514.4
 39492.64
 39392.32
 39674.26
 39826.29
 39714.41
 39599.82
 39661.9
 39648.27
 39825.01
 39990.5
 39822.41
 39845.27
 39897.76
 40056.77
 40011.84
 39900.45
 39673.23
 39965.02
 40035.55
 39991.9
 40037.23
 40094.56
 40062.86
 39852.5
 39659.38
 39680.22
 39544.27
 39381.81
 39106.11
 38742.22
 38458.56
 38018.48
 37613.59
 37237.68
 36966.99
 37094.08
 37291.2
 37526.79
 38007.73
 38205.38
 38539.07
 38859.15
 39185.73
 39336.59
 39443.2
 39638.93
 39787.18
 40059.9
 40010.54
 39828.61
 39862.73
 40035.49
 39919.62
 39961.68
 39773.87
 39802.67
 39946.18
 39991.76
 39819.18
 39649.68
 39518.82
 39368.75
 39245.34
 39073.9
 39046.35
 38621.89
 38485.36
 38222.27
 37728.29
 37151.46
 36232.75
 34995.98
 33461.18
 31302.13
 28957.54
 26488.67
 24787.04
 24119.22
 24382.51
 25500.85
 26791.9
 28304.88
 30012.24
 31796.7
 33251.11
 34241.86
 35217.76
 36184.7
 37069.3
 37648.43
 37935.25
 38289.5
 38590
 39033.39
 39190.08
 39408.38
 39601.25
 39594.1
 39785.38
 40014.06
 40194.69
 40212.73
 40317.07
 40128.51
 40317.82
 40340.21
 40300.24
 40237.3
 40344.66
 40402.77
 40493.12
 40392.95
 40405.65
 40452.26
 40667.82
 40684.89
 40741.52
 40815.17
 40761.36
 40712.24
 40687.41
 40653.11
 40723.47
 40625.63
 40712.57
 40792.61
 40722.21
 41004.98
 40983.05
 40977.63
 40741.21
 40782.18
 40811.54
 40686.72
 40782.05
 40835.98
 40822.8
 40648.93
 40633.66
 40760.82
 40875.18
 40951.65
 41007.57
 40821.05
 40721.74
 40620.24
 40648.73
 40869.95
 40877.28
 40827.73
 40784.62
 40947.34
 41047.3
 41001.43
 40968.67
 40975.81
 40825.89
 40866.5
 40729.47
 40782.27
 40694.59
 40799.87
 40956.96
 40974.5
 40928.37
 40807.71
 40766.91
 40841.63
 40684.79
 40674.11
 40631.6
 40567.07
 40483.82
 40320.95
 40402.21
 40497.25
 40392.77
 40443.59
 40391.09
 40272.03
 40125.71
 39704.89
 39870.27
 39942.53
 39918.98
 39680.82
 39558.1
 39467.36
 39372.18
 39146.91
 38611.5
 38153.5
 37615.84
 37186.29
 36438.3
 35497.17
 34177.09
 32859.02
 31271.6
 29720.18
 28615.5
 27976.93
 28106.67
 28694.51
 29630.99
 30860.08
 32172.35
 33342.64
 34407.52
 35124.53
 35864.37
 36776.69
 37335.63
 37793.12
 38170.72
 38410.66
 38673.5
 38919.11
 39204.46
 39337.09
 39563.15
 39665.46
 39686.73
 39908.88
 40091.81
 40086.45
 40223.3
 40386.32
 40524.64
 40530.18
 40327.02
 40314.34
 40346.21
 40349.17
 40555.28
 40499.65
 40440.45
 40392.86
 40303.68
 40313.74
 40595.34
 40629.28
 40716.24
 40630.32
 40431.6
 40624.79
 40661.27
 40636.51
 40582.03
 40500.96
 40501.59
 40507.74
 40489.43
 40508.13
 40552.98
 40608.77
 40566.61
 40511.9
 40435.41
 40196.8
 40200.57
 40386.96
 40440.91
 40327.36
 40248.64
 40407.18
 40668.53
 40701.55
 40700.72
 40623.27
 40635.44
 40649.01
 40448.69
 40305.73
 40311.84
 40367.04
 40304.83
 40538.83
 40437.27
 40488.88
 40468.46
 40405.04
 40332.5
 40163.97
 40318.43
 40292.46
 40249.04
 40310.8
 40230.86
 40228.73
 40048.61
 39751.86
 39672.14
 39446.54
 39167.54
 38983.94
 39158.22
 39356.48
 39525.9
 39743.46
 39717.97
 39760.56
 39796.08
 39761.49
 39778.53
 39898.37
 39892.51
 40024.38
 40050.16
 39963.54
 40086.05
 40130.77
 40236.72
 40177.17
 40117.38
 39850.11
 39825.63
 39850.22
 39908.91
 39965.74
 40046.51
 40008.16
 40014.86
 40058.26
 40004.57
 40014.06
 39847.44
 39830.13
 39754.69
 39770.3
 39643.34
 39800.73
 39884.18
 39983.09
 40096.1
 39994.13
 39696.88
 39612.35
 39622.08
 39577.3
 39463.11
 39381.6
 39410.75
 39391.63
 39514.82
 39487.14
 39431.28
 39499.23
 39497.84
 39253.74
 39303.39
 39278.08
 39274.7
 39298.21
 39160.48
 39047.21
 39128.3
 39065.57
 38995.92
 38773.09
 38512.88
 38322.99
 38076.21
 37936.43
 37936.96
 37725.31
 37732.98
 37691.55
 37586.43
 37695.6
 37658.02
 37408.93
 37356.5
 37459.94
 37151.94
 36874.18
 36576.86
 36208.35
 35385.41
 34676.1
 33759.92
 32516.06
 30781.55
 28676.58
 26344.7
 24303.09
 22842.21
 22344.21
 22655.68
 23632.16
 24927.58
 26202.66
 27709.9
 29220.61
 30520.16
 31664.45
 32750.53
 33740.88
 34516.93
 35089.15
 35347.28
 35818.95
 36165.27
 36436.08
 36531.92
 37000.37
 37171.84
 37405.62
 37615.14
 37755.3
 37608.03
 37711.01
 37683.87
 37831.66
 37836.38
 37752.22
 37708.48
 37768.37
 37899.66
 37909.39
 37857.18
 37837.39
 37831.74
 37567.66
 37570.89
 37444.67
 37498.93
 37393.18
 37136.56
 37179.18
 37139.25
 36851.21
 36591.86
 36456.13
 36223.17
 35861.87
 35381.34
 35118.99
 34553.66
 34012.5
 33102.99
 32126.26
 31082.3
 29488.22
 28024.21
 26385.82
 24953.7
 24090.48
 23866.26
 24019.66
 24833.74
 25861.58
 27080.7
 28194.82
 29350.7
 30308.4
 31215.58
 32007.3
 32913.12
 33520.21
 34141.09
 34474.54
 34918.91
 35489.89
 35638.61
 35861.47
 35895.9
 36108.89
 36502.54
 36633.62
 36824.27
 36867.04
 36966.46
 36997.92
 37138.89
 37230.22
 37424.11
 37396.51
 37209.33
 37163.7
 37169.07
 37226.59
 37486.5
 37519.14
 37402.57
 37482.38
 37392.95
 37351.31
 37448.91
 37363.68
 37297.95
 37300.4
 37456.77
 37652.34
 37838.77
 37801.04
 37416.34
 37388.53
 37384.18
 37395.14
 37422.4
 37460.46
 37466.8
 37402.1
 37372.93
 37649.04
 37612.95
 37503.04
 37405.95
 37372.5
 37548.41
 37528.72
 37433.89
 37499.79
 37344.59
 37403.62
 37489.18
 37529.65
 37503.02
 37340.57
 37136.32
 37228.88
 37088.8
 37095.59
 37030.24
 37147.33
 37283.73
 37264.08
 37060.95
 36886.46
 36887.52
 36972.53
 36988.45
 36875.44
 36833.12
 36837.11
 36843.59
 36882.35
 36861.44
 36912.96
 36704.41
 36827.2
 36810.45
 36788.43
 36835.15
 36944.19
 36797.66
 36821.66
 36969.71
 36814.21
 36762.5
 36675.41
 36544.16
 36658.8
 36810.98
 36764.88
 36709.97
 36671.14
 36660.27
 36595.34
 36500.69
 36521.31
 36435.18
 36269.23
 35914.59
 29056.02
 23593.97
 20727.95
 19358.18
 18555.23
 18151.81
 18035.06
 17900.51
 17829.3
 17803.42
 17818.7
 17824.34
 17888.42
 17858.4
 17854.45
 17871.47
 17865.5
 17850.62
 17884.21
 17842.38
 17917.92
 17922.18
 17900.69
 17813.86
 17901.92
 17942.94
 17911.58
 17886.96
 17942.78
 17945.81
 17943.3
 17917.97
 17954.1
 17893.98
 17982.18
 17977.28
 17962.56
 17900.48
 17898.77
 17947.02
 17945.07
 17933.07
 17920.03
 17935.44
 17901.36
 17946.66
 17978.75
 17913.55
 17912.7
 17963.38
 17979.31
 18010.94
 17931.34
 17963.06
 17992.8
 17925.12
 17948.35
 18063.89
 17979.81
 17943.5
 17944.9
 17906.9
 17930.72
 17890.9
 17898.08
 17862.38
 17903.47
 17916.93
 17873.97
 17917.54
 17943.46
 17930.69
 17892.08
 17964.53
 17989.78
 17927.39
 17917.07
 17940.51
 17867.87
 17858.32
 17927.86
 17882.74
 17937.87
 17894.32
 17898.9
 17970.11
 17894.51
 17920.86
 17782.21
 17818.74
 17914.14
 17832.02
 17892.72
 17943.63
 17918
 17888.94
 17888.93
 17918.82
 17905.39
 17846.1
 17897.87
 17945.58
 17834.83
 17799.09
 17876.11
 17876.86
 17877.54
 17873.82
 17813.15
 17840.85
 17866.46
 17856.94
 17824.59
 17810.99
 17811.86
 17844.51
 17849.26
 17870.46
 17841.3
 17852.03
 17854.42
 17841.01
 17777.55
 17884.58
 17758.69
 17772
 17764.19
 17879.82
 17820.29
 17834.37
 17782.42
 17860.78
 17855.18
 17872.37
 17782.1
 17814.48
 17842.66
 17894.18
 17801.15
 17726.96
 17822.18
 17868.9
 17807.66
 17814.43
 17791.5
 17819.46
 17836.37
 17881.22
 17760.45
 17880.56
 17814.05
 17848.22
 17788.93
 17762.3
 17866.77
 17726.24
 17835.98
 17775.66
 17836.11
 17802.34
 17808.5
 17788.21
 17873.22
 17838.99
 17813.74
 17824.85
 17884.64
 17847.26
 17841.28
 17819.73
 17885.57
 17818.34
 17831.71
 17946
 17852.88
 17842.19
 17810.38
 17787.73
 17895.54
 17840.42
 17791.15
 17818.86
 17855.98
 17828.13
 17744.7
 17822.14
 17879.68
 17831.3
 17850
 17768.86
 17823.04
 17811.89
 17896.4
 17819.57
 17776.34
 17859.42
 17820.96
 17779.33
 17869.18
 17875.58
 17882.82
 17815.68
 17831.06
 17856.14
 17819.23
 17861.89
 17863.63
 17901.73
 17894.42
 17832.61
 17828.58
 17774.24
 17921.5
 17935.3
 17881.89
 17855.54
 17881.17
 17869.52
 17790.48
 17859.65
 17846.06
 17836.03
 17797.62
 17819.33
 17923.31
 17828.35
 17894.11
 17880.38
 17860.14
 17923.22
 17889.44
 17850.88
 17856.93
 17933.98
 17903.84
 17827.94
 17866.11
 17877.49
 17833.65
 17865.68
 17915.7
 17872.43
 17865.52
 17866.5
 17865.31
 17838.8
 17925.36
 17898.22
 17924.7
