8.450000e+02 1.621068e+04 1.614320e+04 1.665982e+04 5.774870e-06
8.460000e+02 1.629607e+04 1.616765e+04 1.669039e+04 5.861312e-06
8.470000e+02 1.621929e+04 1.618685e+04 1.672089e+04 5.949681e-06
8.480000e+02 1.620521e+04 1.621114e+04 1.675134e+04 6.040031e-06
8.490000e+02 1.630768e+04 1.623018e+04 1.678172e+04 6.132426e-06
8.500000e+02 1.642497e+04 1.625432e+04 1.681204e+04 6.226923e-06
8.510000e+02 1.637648e+04 1.627320e+04 1.684231e+04 6.323586e-06
8.520000e+02 1.641129e+04 1.629199e+04 1.687251e+04 6.422484e-06
8.530000e+02 1.644339e+04 1.631590e+04 1.690265e+04 6.523682e-06
8.540000e+02 1.652070e+04 1.633453e+04 1.693272e+04 6.627250e-06
8.550000e+02 1.643561e+04 1.635308e+04 1.696274e+04 6.733263e-06
8.560000e+02 1.647852e+04 1.637154e+04 1.699270e+04 6.841797e-06
8.570000e+02 1.650403e+04 1.638992e+04 1.702259e+04 6.952930e-06
8.580000e+02 1.667851e+04 1.640823e+04 1.705243e+04 7.066745e-06
8.590000e+02 1.662758e+04 1.642645e+04 1.708220e+04 7.183328e-06
8.600000e+02 1.665279e+04 1.644458e+04 1.711192e+04 7.302763e-06
8.610000e+02 1.664716e+04 1.646264e+04 1.714157e+04 7.425151e-06
8.620000e+02 1.671398e+04 1.648062e+04 1.717116e+04 7.550581e-06
8.630000e+02 1.667000e+04 1.649851e+04 1.720069e+04 7.679152e-06
8.640000e+02 1.656009e+04 1.651632e+04 1.723016e+04 7.810972e-06
8.650000e+02 1.664168e+04 1.653405e+04 1.725956e+04 7.946146e-06
8.660000e+02 1.656756e+04 1.654647e+04 1.728891e+04 8.084788e-06
8.670000e+02 1.662287e+04 1.656404e+04 1.731820e+04 8.227013e-06
8.680000e+02 1.673681e+04 1.658153e+04 1.734742e+04 8.372946e-06
8.690000e+02 1.682035e+04 1.659371e+04 1.737658e+04 8.522708e-06
8.700000e+02 1.685236e+04 1.660580e+04 1.740569e+04 8.676435e-06
8.710000e+02 1.677219e+04 1.662304e+04 1.743473e+04 8.834266e-06
8.720000e+02 1.689679e+04 1.663498e+04 1.746371e+04 8.996345e-06
8.730000e+02 1.688810e+04 1.664683e+04 1.749263e+04 9.162815e-06
8.740000e+02 1.691562e+04 1.665860e+04 1.752149e+04 9.333838e-06
8.750000e+02 1.692177e+04 1.667029e+04 1.755029e+04 9.509577e-06
8.760000e+02 1.701697e+04 1.668191e+04 1.757902e+04 9.690201e-06
8.770000e+02 1.711617e+04 1.669344e+04 1.760770e+04 9.875886e-06
8.780000e+02 1.718407e+04 1.670489e+04 1.763631e+04 1.006682e-05
8.790000e+02 1.711076e+04 1.671627e+04 1.766487e+04 1.026320e-05
8.800000e+02 1.699188e+04 1.672235e+04 1.769336e+04 1.046522e-05
8.810000e+02 1.694351e+04 1.673356e+04 1.772179e+04 1.067309e-05
8.820000e+02 1.700988e+04 1.673950e+04 1.775016e+04 1.088705e-05
8.830000e+02 1.713075e+04 1.675055e+04 1.777847e+04 1.110731e-05
8.840000e+02 1.730369e+04 1.675634e+04 1.780672e+04 1.133412e-05
8.850000e+02 1.733746e+04 1.676204e+04 1.783491e+04 1.156774e-05
8.860000e+02 1.729502e+04 1.676768e+04 1.786303e+04 1.180843e-05
8.870000e+02 1.724651e+04 1.677325e+04 1.789110e+04 1.205647e-05
8.880000e+02 1.720812e+04 1.677356e+04 1.791910e+04 1.231215e-05
8.890000e+02 1.719078e+04 1.677899e+04 1.794704e+04 1.257577e-05
8.900000e+02 1.720630e+04 1.677918e+04 1.797493e+04 1.284765e-05
8.910000e+02 1.712946e+04 1.678448e+04 1.800275e+04 1.312814e-05
8.920000e+02 1.716353e+04 1.678454e+04 1.803051e+04 1.341758e-05
8.930000e+02 1.719868e+04 1.678455e+04 1.805821e+04 1.371634e-05
8.940000e+02 1.731371e+04 1.678451e+04 1.808585e+04 1.402480e-05
8.950000e+02 1.734851e+04 1.677928e+04 1.811343e+04 1.434338e-05
8.960000e+02 1.734416e+04 1.677913e+04 1.814094e+04 1.467250e-05
8.970000e+02 1.730740e+04 1.677381e+04 1.816840e+04 1.501261e-05
8.980000e+02 1.736491e+04 1.676846e+04 1.819579e+04 1.536417e-05
8.990000e+02 1.743539e+04 1.676306e+04 1.822313e+04 1.572770e-05
9.000000e+02 1.742746e+04 1.675764e+04 1.825040e+04 1.610370e-05
9.010000e+02 1.735587e+04 1.674711e+04 1.827761e+04 1.649272e-05
9.020000e+02 1.752407e+04 1.674162e+04 1.830476e+04 1.689533e-05
9.030000e+02 1.752768e+04 1.673105e+04 1.833185e+04 1.731215e-05
9.040000e+02 1.763139e+04 1.671546e+04 1.835888e+04 1.774381e-05
9.050000e+02 1.749788e+04 1.670489e+04 1.838585e+04 1.819098e-05
9.060000e+02 1.755103e+04 1.668931e+04 1.841275e+04 1.865437e-05
9.070000e+02 1.748390e+04 1.667375e+04 1.843960e+04 1.913471e-05
9.080000e+02 1.758679e+04 1.665822e+04 1.846638e+04 1.963279e-05
9.090000e+02 1.757427e+04 1.663776e+04 1.849311e+04 2.014945e-05
9.100000e+02 1.764162e+04 1.661735e+04 1.851977e+04 2.068553e-05
9.110000e+02 1.773473e+04 1.659700e+04 1.854637e+04 2.124195e-05
9.120000e+02 1.770295e+04 1.657183e+04 1.857291e+04 2.181968e-05
9.130000e+02 1.785007e+04 1.654674e+04 1.859939e+04 2.241974e-05
9.140000e+02 1.764158e+04 1.651692e+04 1.862581e+04 2.304319e-05
9.150000e+02 1.757566e+04 1.649204e+04 1.865217e+04 2.369115e-05
9.160000e+02 1.765756e+04 1.645768e+04 1.867846e+04 2.436482e-05
9.170000e+02 1.761745e+04 1.642351e+04 1.870470e+04 2.506543e-05
9.180000e+02 1.767670e+04 1.638951e+04 1.873087e+04 2.579431e-05
9.190000e+02 1.774711e+04 1.635570e+04 1.875699e+04 2.655284e-05
9.200000e+02 1.781623e+04 1.631272e+04 1.878304e+04 2.734247e-05
9.210000e+02 1.774252e+04 1.627002e+04 1.880903e+04 2.816474e-05
9.220000e+02 1.776848e+04 1.622762e+04 1.883496e+04 2.902125e-05
9.230000e+02 1.783627e+04 1.618092e+04 1.886083e+04 2.991370e-05
9.240000e+02 1.781372e+04 1.613455e+04 1.888664e+04 3.084386e-05
9.250000e+02 1.794016e+04 1.607951e+04 1.891239e+04 3.181359e-05
9.260000e+02 1.800382e+04 1.602493e+04 1.893807e+04 3.282483e-05
9.270000e+02 1.797756e+04 1.597082e+04 1.896370e+04 3.387966e-05
9.280000e+02 1.802892e+04 1.590836e+04 1.898926e+04 3.498017e-05
9.290000e+02 1.805148e+04 1.584651e+04 1.901477e+04 3.612859e-05
9.300000e+02 1.801884e+04 1.578093e+04 1.904021e+04 3.732725e-05
9.310000e+02 1.795665e+04 1.571175e+04 1.906559e+04 3.857855e-05
9.320000e+02 1.796324e+04 1.563907e+04 1.909091e+04 3.988497e-05
9.330000e+02 1.800953e+04 1.556302e+04 1.911617e+04 4.124911e-05
9.340000e+02 1.796609e+04 1.548372e+04 1.914137e+04 4.267358e-05
9.350000e+02 1.797276e+04 1.540129e+04 1.916651e+04 4.416110e-05
9.360000e+02 1.787087e+04 1.531587e+04 1.919158e+04 4.571443e-05
9.370000e+02 1.793697e+04 1.522758e+04 1.921660e+04 4.733636e-05
9.380000e+02 1.798489e+04 1.513263e+04 1.924155e+04 4.902970e-05
9.390000e+02 1.796371e+04 1.503904e+04 1.926645e+04 5.079725e-05
9.400000e+02 1.777819e+04 1.493916e+04 1.929128e+04 5.264174e-05
9.410000e+02 1.788657e+04 1.483704e+04 1.931605e+04 5.456587e-05
9.420000e+02 1.789746e+04 1.472911e+04 1.934076e+04 5.657216e-05
9.430000e+02 1.784323e+04 1.461932e+04 1.936541e+04 5.866298e-05
9.440000e+02 1.782961e+04 1.450422e+04 1.939000e+04 6.084043e-05
9.450000e+02 1.773555e+04 1.438763e+04 1.941453e+04 6.310629e-05
9.460000e+02 1.770403e+04 1.426970e+04 1.943899e+04 6.546197e-05
9.470000e+02 1.764028e+04 1.414713e+04 1.946340e+04 6.790832e-05
9.480000e+02 1.744625e+04 1.402026e+04 1.948774e+04 7.044560e-05
9.490000e+02 1.709548e+04 1.389264e+04 1.951203e+04 7.307327e-05
9.500000e+02 1.683268e+04 1.376438e+04 1.953625e+04 7.578999e-05
9.510000e+02 1.639487e+04 1.362933e+04 1.956041e+04 7.859332e-05
9.520000e+02 1.572115e+04 1.349719e+04 1.958451e+04 8.147957e-05
9.530000e+02 1.521059e+04 1.336185e+04 1.960855e+04 8.444375e-05
9.540000e+02 1.450260e+04 1.322654e+04 1.963253e+04 8.747927e-05
9.550000e+02 1.382167e+04 1.309134e+04 1.965644e+04 9.057778e-05
9.560000e+02 1.290865e+04 1.295915e+04 1.968030e+04 9.372899e-05
9.570000e+02 1.178780e+04 1.282438e+04 1.970410e+04 9.692063e-05
9.580000e+02 1.101143e+04 1.269265e+04 1.972783e+04 1.001375e-04
9.590000e+02 1.065367e+04 1.256386e+04 1.975150e+04 1.033640e-04
9.600000e+02 1.101814e+04 1.243793e+04 1.977512e+04 1.065804e-04
9.610000e+02 1.170174e+04 1.231728e+04 1.979867e+04 1.097653e-04
9.620000e+02 1.260462e+04 1.219918e+04 1.982216e+04 1.128950e-04
9.630000e+02 1.363585e+04 1.208842e+04 1.984559e+04 1.159440e-04
9.640000e+02 1.438094e+04 1.198464e+04 1.986896e+04 1.188851e-04
9.650000e+02 1.519598e+04 1.188751e+04 1.989226e+04 1.216901e-04
9.660000e+02 1.573062e+04 1.179674e+04 1.991551e+04 1.243300e-04
9.670000e+02 1.622926e+04 1.171659e+04 1.993870e+04 1.267762e-04
9.680000e+02 1.654971e+04 1.164664e+04 1.996182e+04 1.290007e-04
9.690000e+02 1.672535e+04 1.158649e+04 1.998488e+04 1.309777e-04
9.700000e+02 1.696158e+04 1.153584e+04 2.000788e+04 1.326837e-04
9.710000e+02 1.679561e+04 1.149658e+04 2.003083e+04 1.340992e-04
9.720000e+02 1.631123e+04 1.147061e+04 2.005371e+04 1.352092e-04
9.730000e+02 1.550801e+04 1.145341e+04 2.007653e+04 1.360042e-04
9.740000e+02 1.487748e+04 1.144915e+04 2.009929e+04 1.364809e-04
9.750000e+02 1.479286e+04 1.145777e+04 2.012198e+04 1.366432e-04
9.760000e+02 1.514407e+04 1.147497e+04 2.014462e+04 1.365028e-04
9.770000e+02 1.582169e+04 1.150297e+04 2.016719e+04 1.360798e-04
9.780000e+02 1.658580e+04 1.153969e+04 2.018971e+04 1.354045e-04
9.790000e+02 1.714946e+04 1.158530e+04 2.021216e+04 1.345184e-04
9.800000e+02 1.761535e+04 1.163775e+04 2.023455e+04 1.334782e-04
9.810000e+02 1.786353e+04 1.169052e+04 2.025688e+04 1.323620e-04
9.820000e+02 1.817225e+04 1.174587e+04 2.027915e+04 1.312826e-04
9.830000e+02 1.828135e+04 1.179027e+04 2.030137e+04 1.304167e-04
9.840000e+02 1.843086e+04 1.181672e+04 2.032351e+04 1.300736e-04
9.850000e+02 1.840036e+04 1.179788e+04 2.034560e+04 1.308789e-04
9.860000e+02 1.851364e+04 1.168546e+04 2.036763e+04 1.342438e-04
9.870000e+02 1.867871e+04 1.137718e+04 2.038959e+04 1.430922e-04
9.880000e+02 1.885057e+04 1.080462e+04 2.041150e+04 1.606264e-04
9.890000e+02 1.904194e+04 1.015969e+04 2.043334e+04 1.827383e-04
9.900000e+02 1.898035e+04 9.881969e+03 2.045512e+04 1.933625e-04
9.910000e+02 1.897846e+04 1.016964e+04 2.047684e+04 1.832000e-04
9.920000e+02 1.904102e+04 1.069748e+04 2.049850e+04 1.656003e-04
9.930000e+02 1.909387e+04 1.094622e+04 2.052010e+04 1.580429e-04
9.940000e+02 1.918089e+04 1.066308e+04 2.054164e+04 1.674279e-04
9.950000e+02 1.921007e+04 9.819885e+03 2.056312e+04 1.977389e-04
9.960000e+02 1.925291e+04 8.539793e+03 2.058454e+04 2.548980e-04
9.970000e+02 1.928766e+04 7.218730e+03 2.060589e+04 3.351319e-04
9.980000e+02 1.936207e+04 6.347954e+03 2.062718e+04 4.065263e-04
9.990000e+02 1.938610e+04 6.202097e+03 2.064842e+04 4.209732e-04
1.000000e+03 1.956646e+04 6.846943e+03 2.066959e+04 3.648431e-04
1.001000e+03 1.970302e+04 8.185006e+03 2.069070e+04 2.761224e-04
1.002000e+03 1.964159e+04 9.864444e+03 2.071175e+04 1.987404e-04
1.003000e+03 1.955782e+04 1.141525e+04 2.073274e+04 1.474905e-04
1.004000e+03 1.956540e+04 1.260609e+04 2.075367e+04 1.167558e-04
1.005000e+03 1.962574e+04 1.346901e+04 2.077454e+04 9.797070e-05
1.006000e+03 1.966900e+04 1.410714e+04 2.079534e+04 8.565398e-05
1.007000e+03 1.960478e+04 1.459823e+04 2.081609e+04 7.695559e-05
1.008000e+03 1.970307e+04 1.499436e+04 2.083677e+04 7.041831e-05
1.009000e+03 1.963257e+04 1.532205e+04 2.085739e+04 6.525806e-05
1.010000e+03 1.981718e+04 1.560569e+04 2.087796e+04 6.102596e-05
1.011000e+03 1.970035e+04 1.585563e+04 2.089846e+04 5.744968e-05
1.012000e+03 1.975991e+04 1.608044e+04 2.091890e+04 5.435613e-05
1.013000e+03 1.990113e+04 1.628610e+04 2.093928e+04 5.163032e-05
1.014000e+03 1.983162e+04 1.647524e+04 2.095960e+04 4.919323e-05
1.015000e+03 1.991580e+04 1.665094e+04 2.097985e+04 4.698873e-05
1.016000e+03 2.006778e+04 1.681224e+04 2.100005e+04 4.497594e-05
1.017000e+03 2.015103e+04 1.697181e+04 2.102019e+04 4.312418e-05
1.018000e+03 2.005065e+04 1.711568e+04 2.104026e+04 4.140998e-05
1.019000e+03 2.003430e+04 1.725701e+04 2.106027e+04 3.981504e-05
1.020000e+03 1.994590e+04 1.739090e+04 2.108022e+04 3.832474e-05
1.021000e+03 1.999065e+04 1.751697e+04 2.110012e+04 3.692725e-05
1.022000e+03 2.002302e+04 1.764459e+04 2.111995e+04 3.561283e-05
1.023000e+03 2.003150e+04 1.775900e+04 2.113971e+04 3.437336e-05
1.024000e+03 2.004887e+04 1.787464e+04 2.115942e+04 3.320194e-05
1.025000e+03 2.023044e+04 1.798648e+04 2.117907e+04 3.209271e-05
1.026000e+03 2.039892e+04 1.808928e+04 2.119866e+04 3.104057e-05
1.027000e+03 2.035551e+04 1.819301e+04 2.121818e+04 3.004108e-05
1.028000e+03 2.043803e+04 1.829250e+04 2.123765e+04 2.909032e-05
1.029000e+03 2.055409e+04 1.838759e+04 2.125705e+04 2.818483e-05
1.030000e+03 2.047524e+04 1.848345e+04 2.127639e+04 2.732150e-05
1.031000e+03 2.046009e+04 1.856939e+04 2.129567e+04 2.649756e-05
1.032000e+03 2.029406e+04 1.866131e+04 2.131489e+04 2.571046e-05
1.033000e+03 2.036604e+04 1.874305e+04 2.133405e+04 2.495794e-05
1.034000e+03 2.049819e+04 1.882531e+04 2.135315e+04 2.423792e-05
1.035000e+03 2.058388e+04 1.890809e+04 2.137219e+04 2.354847e-05
1.036000e+03 2.063729e+04 1.898583e+04 2.139116e+04 2.288784e-05
1.037000e+03 2.064097e+04 1.906403e+04 2.141008e+04 2.225443e-05
1.038000e+03 2.061785e+04 1.913704e+04 2.142893e+04 2.164675e-05
1.039000e+03 2.069059e+04 1.921042e+04 2.144773e+04 2.106340e-05
1.040000e+03 2.062255e+04 1.927847e+04 2.146646e+04 2.050312e-05
1.041000e+03 2.064648e+04 1.934683e+04 2.148513e+04 1.996471e-05
1.042000e+03 2.076033e+04 1.941550e+04 2.150374e+04 1.944706e-05
1.043000e+03 2.075135e+04 1.947867e+04 2.152229e+04 1.894914e-05
1.044000e+03 2.082268e+04 1.954208e+04 2.154078e+04 1.846998e-05
1.045000e+03 2.091803e+04 1.960575e+04 2.155921e+04 1.800868e-05
1.046000e+03 2.096708e+04 1.966375e+04 2.157757e+04 1.756440e-05
1.047000e+03 2.102033e+04 1.972788e+04 2.159588e+04 1.713635e-05
1.048000e+03 2.099734e+04 1.978031e+04 2.161412e+04 1.672377e-05
1.049000e+03 2.103919e+04 1.983888e+04 2.163230e+04 1.632599e-05
1.050000e+03 2.101532e+04 1.989765e+04 2.165043e+04 1.594234e-05
1.051000e+03 2.105777e+04 1.995054e+04 2.166849e+04 1.557222e-05
1.052000e+03 2.100588e+04 2.000357e+04 2.168649e+04 1.521506e-05
1.053000e+03 2.102454e+04 2.005674e+04 2.170443e+04 1.487032e-05
1.054000e+03 2.089078e+04 2.010391e+04 2.172230e+04 1.453750e-05
1.055000e+03 2.097254e+04 2.015116e+04 2.174012e+04 1.421614e-05
1.056000e+03 2.104806e+04 2.020470e+04 2.175788e+04 1.390581e-05
1.057000e+03 2.112075e+04 2.025215e+04 2.177557e+04 1.360609e-05
1.058000e+03 2.111801e+04 2.029970e+04 2.179321e+04 1.331664e-05
1.059000e+03 2.125475e+04 2.034107e+04 2.181078e+04 1.303711e-05
1.060000e+03 2.135193e+04 2.038877e+04 2.182829e+04 1.276721e-05
1.061000e+03 2.139330e+04 2.043025e+04 2.184574e+04 1.250667e-05
1.062000e+03 2.141540e+04 2.047178e+04 2.186313e+04 1.225528e-05
1.063000e+03 2.131459e+04 2.051336e+04 2.188046e+04 1.201285e-05
1.064000e+03 2.123990e+04 2.055498e+04 2.189773e+04 1.177927e-05
1.065000e+03 2.126286e+04 2.059664e+04 2.191494e+04 1.155448e-05
1.066000e+03 2.130991e+04 2.063836e+04 2.193208e+04 1.133849e-05
1.067000e+03 2.127990e+04 2.067369e+04 2.194917e+04 1.113143e-05
1.068000e+03 2.131416e+04 2.071547e+04 2.196619e+04 1.093353e-05
1.069000e+03 2.133673e+04 2.075084e+04 2.198316e+04 1.074520e-05
1.070000e+03 2.126791e+04 2.078621e+04 2.200006e+04 1.056711e-05
1.071000e+03 2.102174e+04 2.082160e+04 2.201690e+04 1.040023e-05
1.072000e+03 2.107092e+04 2.085048e+04 2.203368e+04 1.024606e-05
1.073000e+03 2.104849e+04 2.087934e+04 2.205040e+04 1.010684e-05
1.074000e+03 2.116577e+04 2.090817e+04 2.206706e+04 9.986006e-06
1.075000e+03 2.129289e+04 2.093699e+04 2.208365e+04 9.889006e-06
1.076000e+03 2.144444e+04 2.095922e+04 2.210019e+04 9.824841e-06
1.077000e+03 2.147164e+04 2.097485e+04 2.211667e+04 9.809334e-06
1.078000e+03 2.168241e+04 2.098385e+04 2.213308e+04 9.873340e-06
1.079000e+03 2.158918e+04 2.097967e+04 2.214943e+04 1.008866e-05
1.080000e+03 2.168100e+04 2.092969e+04 2.216572e+04 1.066945e-05
1.081000e+03 2.153788e+04 2.076390e+04 2.218196e+04 1.234241e-05
1.082000e+03 2.168778e+04 2.026582e+04 2.219813e+04 1.722184e-05
1.083000e+03 2.164612e+04 1.912279e+04 2.221423e+04 2.920102e-05
1.084000e+03 2.175457e+04 1.739736e+04 2.223028e+04 5.021432e-05
1.085000e+03 2.176646e+04 1.588046e+04 2.224627e+04 7.242595e-05
1.086000e+03 2.171683e+04 1.544090e+04 2.226220e+04 7.980192e-05
1.087000e+03 2.176516e+04 1.633006e+04 2.227806e+04 6.579502e-05
1.088000e+03 2.169771e+04 1.807723e+04 2.229387e+04 4.212304e-05
1.089000e+03 2.162982e+04 1.973743e+04 2.230961e+04 2.355701e-05
1.090000e+03 2.179143e+04 2.070623e+04 2.232529e+04 1.412252e-05
1.091000e+03 2.184871e+04 2.111484e+04 2.234091e+04 1.049754e-05
1.092000e+03 2.186516e+04 2.125548e+04 2.235647e+04 9.346179e-06
1.093000e+03 2.187171e+04 2.128357e+04 2.237197e+04 9.248162e-06
1.094000e+03 2.176987e+04 2.124491e+04 2.238741e+04 9.687572e-06
1.095000e+03 2.173535e+04 2.121301e+04 2.240279e+04 1.014072e-05
1.096000e+03 2.187740e+04 2.124078e+04 2.241810e+04 1.003821e-05
1.097000e+03 2.198223e+04 2.134197e+04 2.243336e+04 9.259858e-06
1.098000e+03 2.202257e+04 2.147099e+04 2.244855e+04 8.235196e-06
1.099000e+03 2.202262e+04 2.157396e+04 2.246368e+04 7.425888e-06
1.100000e+03 2.189871e+04 2.164330e+04 2.247876e+04 6.950822e-06
1.101000e+03 2.200446e+04 2.169221e+04 2.249377e+04 6.699091e-06
1.102000e+03 2.192814e+04 2.172045e+04 2.250872e+04 6.550457e-06
1.103000e+03 2.180478e+04 2.174866e+04 2.252361e+04 6.444859e-06
1.104000e+03 2.183681e+04 2.176991e+04 2.253843e+04 6.361201e-06
1.105000e+03 2.190206e+04 2.179112e+04 2.255320e+04 6.293055e-06
1.106000e+03 2.180899e+04 2.181229e+04 2.256791e+04 6.238655e-06
1.107000e+03 2.142913e+04 2.183340e+04 2.258255e+04 6.198041e-06
1.108000e+03 2.123079e+04 2.184750e+04 2.259714e+04 6.172351e-06
1.109000e+03 2.113787e+04 2.186852e+04 2.261166e+04 6.163714e-06
1.110000e+03 2.087649e+04 2.187553e+04 2.262612e+04 6.175404e-06
1.111000e+03 2.083814e+04 2.188945e+04 2.264052e+04 6.212162e-06
1.112000e+03 2.073210e+04 2.189633e+04 2.265486e+04 6.280784e-06
1.113000e+03 2.062564e+04 2.189617e+04 2.266914e+04 6.391006e-06
1.114000e+03 2.076081e+04 2.188897e+04 2.268336e+04 6.556833e-06
1.115000e+03 2.084881e+04 2.187478e+04 2.269752e+04 6.798451e-06
1.116000e+03 2.091868e+04 2.184668e+04 2.271161e+04 7.144580e-06
1.117000e+03 2.114299e+04 2.180483e+04 2.272565e+04 7.634335e-06
1.118000e+03 2.139612e+04 2.173566e+04 2.273962e+04 8.315389e-06
1.119000e+03 2.147241e+04 2.164657e+04 2.275354e+04 9.231643e-06
1.120000e+03 2.169964e+04 2.153134e+04 2.276739e+04 1.039155e-05
1.121000e+03 2.197710e+04 2.139088e+04 2.278118e+04 1.171759e-05
1.122000e+03 2.207929e+04 2.126542e+04 2.279491e+04 1.300494e-05
1.123000e+03 2.218003e+04 2.117390e+04 2.280858e+04 1.394493e-05
1.124000e+03 2.225046e+04 2.115414e+04 2.282219e+04 1.424521e-05
1.125000e+03 2.236793e+04 2.121861e+04 2.283573e+04 1.378839e-05
1.126000e+03 2.246212e+04 2.134894e+04 2.284922e+04 1.270417e-05
1.127000e+03 2.254204e+04 2.152071e+04 2.286264e+04 1.128986e-05
1.128000e+03 2.250607e+04 2.169499e+04 2.287601e+04 9.850726e-06
1.129000e+03 2.254046e+04 2.185118e+04 2.288931e+04 8.584487e-06
1.130000e+03 2.257299e+04 2.198152e+04 2.290255e+04 7.562660e-06
1.131000e+03 2.242612e+04 2.208508e+04 2.291573e+04 6.773638e-06
1.132000e+03 2.258962e+04 2.216821e+04 2.292885e+04 6.172609e-06
1.133000e+03 2.262481e+04 2.223759e+04 2.294191e+04 5.712056e-06
1.134000e+03 2.269238e+04 2.229296e+04 2.295491e+04 5.353292e-06
1.135000e+03 2.271265e+04 2.234132e+04 2.296785e+04 5.067966e-06
1.136000e+03 2.280092e+04 2.238257e+04 2.298072e+04 4.836112e-06
1.137000e+03 2.289444e+04 2.241667e+04 2.299354e+04 4.643794e-06
1.138000e+03 2.294854e+04 2.245076e+04 2.300629e+04 4.481242e-06
1.139000e+03 2.293046e+04 2.247762e+04 2.301898e+04 4.341506e-06
1.140000e+03 2.286500e+04 2.250446e+04 2.303162e+04 4.219581e-06
1.141000e+03 2.283148e+04 2.253127e+04 2.304419e+04 4.111807e-06
1.142000e+03 2.277343e+04 2.255805e+04 2.305670e+04 4.015473e-06
1.143000e+03 2.269848e+04 2.257752e+04 2.306915e+04 3.928564e-06
1.144000e+03 2.280180e+04 2.259694e+04 2.308153e+04 3.849578e-06
1.145000e+03 2.264916e+04 2.262363e+04 2.309386e+04 3.777414e-06
1.146000e+03 2.262649e+04 2.264296e+04 2.310613e+04 3.711312e-06
1.147000e+03 2.288984e+04 2.266225e+04 2.311833e+04 3.650823e-06
1.148000e+03 2.289788e+04 2.268149e+04 2.313048e+04 3.595836e-06
1.149000e+03 2.282700e+04 2.269333e+04 2.314256e+04 3.546634e-06
1.150000e+03 2.289785e+04 2.271247e+04 2.315458e+04 3.503940e-06
1.151000e+03 2.284508e+04 2.273156e+04 2.316654e+04 3.468832e-06
1.152000e+03 2.285174e+04 2.274324e+04 2.317844e+04 3.442213e-06
1.153000e+03 2.285766e+04 2.276222e+04 2.319028e+04 3.423594e-06
1.154000e+03 2.296207e+04 2.277378e+04 2.320206e+04 3.409508e-06
1.155000e+03 2.318441e+04 2.278528e+04 2.321378e+04 3.392936e-06
1.156000e+03 2.309800e+04 2.280411e+04 2.322543e+04 3.365416e-06
1.157000e+03 2.305521e+04 2.281549e+04 2.323703e+04 3.321441e-06
1.158000e+03 2.296927e+04 2.283421e+04 2.324856e+04 3.261896e-06
1.159000e+03 2.295838e+04 2.285289e+04 2.326003e+04 3.193396e-06
1.160000e+03 2.310508e+04 2.287893e+04 2.327145e+04 3.124132e-06
1.161000e+03 2.323028e+04 2.289752e+04 2.328279e+04 3.059910e-06
1.162000e+03 2.321884e+04 2.291606e+04 2.329409e+04 3.002908e-06
1.163000e+03 2.329924e+04 2.292710e+04 2.330531e+04 2.952731e-06
1.164000e+03 2.341267e+04 2.294554e+04 2.331648e+04 2.907974e-06
1.165000e+03 2.345217e+04 2.296392e+04 2.332759e+04 2.867222e-06
1.166000e+03 2.321046e+04 2.298226e+04 2.333863e+04 2.829392e-06
1.167000e+03 2.337883e+04 2.299308e+04 2.334962e+04 2.793744e-06
1.168000e+03 2.334961e+04 2.301131e+04 2.336054e+04 2.759787e-06
1.169000e+03 2.331614e+04 2.302201e+04 2.337141e+04 2.727190e-06
1.170000e+03 2.338679e+04 2.304014e+04 2.338221e+04 2.695729e-06
1.171000e+03 2.345665e+04 2.305072e+04 2.339295e+04 2.665245e-06
1.172000e+03 2.352307e+04 2.306875e+04 2.340363e+04 2.635620e-06
1.173000e+03 2.345299e+04 2.307921e+04 2.341425e+04 2.606766e-06
1.174000e+03 2.346212e+04 2.309713e+04 2.342481e+04 2.578616e-06
1.175000e+03 2.348915e+04 2.310748e+04 2.343530e+04 2.551114e-06
1.176000e+03 2.342943e+04 2.312529e+04 2.344574e+04 2.524214e-06
1.177000e+03 2.348935e+04 2.313553e+04 2.345611e+04 2.497882e-06
1.178000e+03 2.352737e+04 2.315324e+04 2.346643e+04 2.472084e-06
1.179000e+03 2.360051e+04 2.316335e+04 2.347668e+04 2.446795e-06
1.180000e+03 2.341910e+04 2.317341e+04 2.348687e+04 2.421990e-06
1.181000e+03 2.346017e+04 2.319096e+04 2.349700e+04 2.397648e-06
1.182000e+03 2.323919e+04 2.320089e+04 2.350707e+04 2.373751e-06
1.183000e+03 2.334232e+04 2.321833e+04 2.351708e+04 2.350282e-06
1.184000e+03 2.347475e+04 2.322815e+04 2.352703e+04 2.327226e-06
1.185000e+03 2.346687e+04 2.323791e+04 2.353692e+04 2.304569e-06
1.186000e+03 2.345535e+04 2.325519e+04 2.354674e+04 2.282298e-06
1.187000e+03 2.358206e+04 2.326483e+04 2.355651e+04 2.260400e-06
1.188000e+03 2.362443e+04 2.327442e+04 2.356621e+04 2.238867e-06
1.189000e+03 2.339033e+04 2.329153e+04 2.357585e+04 2.217685e-06
1.190000e+03 2.331017e+04 2.330100e+04 2.358544e+04 2.196847e-06
1.191000e+03 2.334116e+04 2.331040e+04 2.359496e+04 2.176343e-06
1.192000e+03 2.336691e+04 2.332735e+04 2.360442e+04 2.156166e-06
1.193000e+03 2.350623e+04 2.333664e+04 2.361381e+04 2.136308e-06
1.194000e+03 2.347039e+04 2.334587e+04 2.362315e+04 2.116760e-06
1.195000e+03 2.349502e+04 2.336265e+04 2.363243e+04 2.097516e-06
1.196000e+03 2.350299e+04 2.337177e+04 2.364165e+04 2.078569e-06
1.197000e+03 2.363668e+04 2.338082e+04 2.365080e+04 2.059914e-06
1.198000e+03 2.359721e+04 2.339744e+04 2.365989e+04 2.041545e-06
1.199000e+03 2.358476e+04 2.340637e+04 2.366893e+04 2.023458e-06
1.200000e+03 2.369470e+04 2.341524e+04 2.367790e+04 2.005645e-06
1.201000e+03 2.377503e+04 2.343170e+04 2.368681e+04 1.988104e-06
1.202000e+03 2.372620e+04 2.344045e+04 2.369566e+04 1.970831e-06
1.203000e+03 2.369994e+04 2.344915e+04 2.370445e+04 1.953822e-06
1.204000e+03 2.367003e+04 2.346544e+04 2.371318e+04 1.937074e-06
1.205000e+03 2.351588e+04 2.347402e+04 2.372184e+04 1.920586e-06
1.206000e+03 2.357184e+04 2.348253e+04 2.373045e+04 1.904355e-06
1.207000e+03 2.362022e+04 2.349099e+04 2.373899e+04 1.888381e-06
1.208000e+03 2.380051e+04 2.350705e+04 2.374748e+04 1.872663e-06
1.209000e+03 2.390648e+04 2.351539e+04 2.375590e+04 1.857204e-06
1.210000e+03 2.381875e+04 2.352367e+04 2.376426e+04 1.842005e-06
1.211000e+03 2.377265e+04 2.353188e+04 2.377256e+04 1.827072e-06
1.212000e+03 2.370862e+04 2.354773e+04 2.378080e+04 1.812410e-06
1.213000e+03 2.389116e+04 2.355583e+04 2.378898e+04 1.798030e-06
1.214000e+03 2.398350e+04 2.356387e+04 2.379710e+04 1.783944e-06
1.215000e+03 2.393180e+04 2.357185e+04 2.380516e+04 1.770171e-06
1.216000e+03 2.374156e+04 2.358747e+04 2.381315e+04 1.756594e-06
1.217000e+03 2.399838e+04 2.359533e+04 2.382109e+04 1.743530e-06
1.218000e+03 2.380393e+04 2.360313e+04 2.382896e+04 1.730882e-06
1.219000e+03 2.356339e+04 2.361087e+04 2.383677e+04 1.718716e-06
1.220000e+03 2.348943e+04 2.361855e+04 2.384453e+04 1.707121e-06
1.221000e+03 2.333958e+04 2.363389e+04 2.385221e+04 1.696227e-06
1.222000e+03 2.335355e+04 2.364145e+04 2.385985e+04 1.686224e-06
1.223000e+03 2.347839e+04 2.364895e+04 2.386741e+04 1.677389e-06
1.224000e+03 2.354412e+04 2.365639e+04 2.387492e+04 1.670146e-06
1.225000e+03 2.370433e+04 2.366377e+04 2.388237e+04 1.665132e-06
1.226000e+03 2.355652e+04 2.367108e+04 2.388975e+04 1.663289e-06
1.227000e+03 2.370510e+04 2.367834e+04 2.389708e+04 1.665900e-06
1.228000e+03 2.365313e+04 2.368554e+04 2.390434e+04 1.674365e-06
1.229000e+03 2.370707e+04 2.369267e+04 2.391154e+04 1.689372e-06
1.230000e+03 2.378271e+04 2.369201e+04 2.391869e+04 1.709291e-06
1.231000e+03 2.398232e+04 2.369902e+04 2.392577e+04 1.728650e-06
1.232000e+03 2.390766e+04 2.370597e+04 2.393279e+04 1.738779e-06
1.233000e+03 2.395097e+04 2.371287e+04 2.393975e+04 1.731894e-06
1.234000e+03 2.397868e+04 2.371970e+04 2.394664e+04 1.706168e-06
1.235000e+03 2.401610e+04 2.373422e+04 2.395348e+04 1.667054e-06
1.236000e+03 2.413562e+04 2.374870e+04 2.396026e+04 1.623473e-06
1.237000e+03 2.415222e+04 2.375536e+04 2.396697e+04 1.582709e-06
1.238000e+03 2.413191e+04 2.376973e+04 2.397363e+04 1.548103e-06
1.239000e+03 2.392393e+04 2.378404e+04 2.398022e+04 1.519832e-06
1.240000e+03 2.407761e+04 2.379052e+04 2.398675e+04 1.496677e-06
1.241000e+03 2.397643e+04 2.379694e+04 2.399322e+04 1.477242e-06
1.242000e+03 2.401169e+04 2.380330e+04 2.399963e+04 1.460414e-06
1.243000e+03 2.400692e+04 2.381739e+04 2.400598e+04 1.445419e-06
1.244000e+03 2.413671e+04 2.382363e+04 2.401227e+04 1.431741e-06
1.245000e+03 2.409132e+04 2.382980e+04 2.401849e+04 1.419038e-06
1.246000e+03 2.412649e+04 2.383592e+04 2.402466e+04 1.407081e-06
1.247000e+03 2.419606e+04 2.384979e+04 2.403076e+04 1.395715e-06
1.248000e+03 2.415486e+04 2.385578e+04 2.403681e+04 1.384831e-06
1.249000e+03 2.414142e+04 2.386172e+04 2.404279e+04 1.374354e-06
1.250000e+03 2.427635e+04 2.386760e+04 2.404871e+04 1.364231e-06
1.251000e+03 2.421657e+04 2.387341e+04 2.405457e+04 1.354425e-06
1.252000e+03 2.423358e+04 2.387917e+04 2.406037e+04 1.344911e-06
1.253000e+03 2.403393e+04 2.389269e+04 2.406611e+04 1.335674e-06
1.254000e+03 2.397051e+04 2.389833e+04 2.407179e+04 1.326706e-06
1.255000e+03 2.406129e+04 2.390390e+04 2.407740e+04 1.318007e-06
1.256000e+03 2.401633e+04 2.390942e+04 2.408296e+04 1.309586e-06
1.257000e+03 2.428868e+04 2.391487e+04 2.408846e+04 1.301459e-06
1.258000e+03 2.424921e+04 2.392027e+04 2.409389e+04 1.293654e-06
1.259000e+03 2.421508e+04 2.392560e+04 2.409926e+04 1.286212e-06
1.260000e+03 2.430502e+04 2.393872e+04 2.410457e+04 1.279191e-06
1.261000e+03 2.440926e+04 2.394393e+04 2.410982e+04 1.272676e-06
1.262000e+03 2.424465e+04 2.394909e+04 2.411501e+04 1.266796e-06
1.263000e+03 2.407495e+04 2.395418e+04 2.412014e+04 1.261736e-06
1.264000e+03 2.393980e+04 2.395921e+04 2.412521e+04 1.257780e-06
1.265000e+03 2.403313e+04 2.396418e+04 2.413022e+04 1.255374e-06
1.266000e+03 2.401438e+04 2.396910e+04 2.413516e+04 1.255248e-06
1.267000e+03 2.411915e+04 2.397395e+04 2.414005e+04 1.258623e-06
1.268000e+03 2.426103e+04 2.397874e+04 2.414487e+04 1.267564e-06
1.269000e+03 2.427614e+04 2.397561e+04 2.414963e+04 1.285370e-06
1.270000e+03 2.412772e+04 2.398028e+04 2.415433e+04 1.316491e-06
1.271000e+03 2.418422e+04 2.397703e+04 2.415897e+04 1.364682e-06
1.272000e+03 2.425318e+04 2.397372e+04 2.416355e+04 1.428247e-06
1.273000e+03 2.404606e+04 2.397036e+04 2.416807e+04 1.494436e-06
1.274000e+03 2.420665e+04 2.396694e+04 2.417253e+04 1.540003e-06
1.275000e+03 2.423614e+04 2.397130e+04 2.417693e+04 1.543112e-06
1.276000e+03 2.398232e+04 2.398345e+04 2.418126e+04 1.499086e-06
1.277000e+03 2.393166e+04 2.399554e+04 2.418554e+04 1.424144e-06
1.278000e+03 2.408540e+04 2.400758e+04 2.418975e+04 1.342946e-06
1.279000e+03 2.423438e+04 2.402743e+04 2.419390e+04 1.273333e-06
1.280000e+03 2.427321e+04 2.403937e+04 2.419800e+04 1.221094e-06
1.281000e+03 2.430777e+04 2.404338e+04 2.420203e+04 1.184016e-06
1.282000e+03 2.429403e+04 2.405521e+04 2.420600e+04 1.157557e-06
1.283000e+03 2.429556e+04 2.405909e+04 2.420990e+04 1.137855e-06
1.284000e+03 2.435084e+04 2.406291e+04 2.421375e+04 1.122370e-06
1.285000e+03 2.440078e+04 2.406668e+04 2.421754e+04 1.109574e-06
1.286000e+03 2.435787e+04 2.407827e+04 2.422126e+04 1.098562e-06
1.287000e+03 2.428546e+04 2.408191e+04 2.422493e+04 1.088783e-06
1.288000e+03 2.437870e+04 2.408550e+04 2.422853e+04 1.079892e-06
1.289000e+03 2.423787e+04 2.408902e+04 2.423207e+04 1.071664e-06
1.290000e+03 2.443686e+04 2.409248e+04 2.423556e+04 1.063945e-06
1.291000e+03 2.437673e+04 2.409588e+04 2.423898e+04 1.056630e-06
1.292000e+03 2.453625e+04 2.409922e+04 2.424234e+04 1.049643e-06
1.293000e+03 2.439115e+04 2.411041e+04 2.424563e+04 1.042928e-06
1.294000e+03 2.433662e+04 2.411363e+04 2.424887e+04 1.036446e-06
1.295000e+03 2.439270e+04 2.411679e+04 2.425205e+04 1.030165e-06
1.296000e+03 2.433316e+04 2.411988e+04 2.425516e+04 1.024062e-06
1.297000e+03 2.441494e+04 2.412292e+04 2.425822e+04 1.018117e-06
1.298000e+03 2.440067e+04 2.412590e+04 2.426121e+04 1.012318e-06
1.299000e+03 2.441419e+04 2.412881e+04 2.426415e+04 1.006651e-06
1.300000e+03 2.421500e+04 2.413167e+04 2.426702e+04 1.001108e-06
1.301000e+03 2.429614e+04 2.413446e+04 2.426983e+04 9.956823e-07
1.302000e+03 2.435600e+04 2.413720e+04 2.427258e+04 9.903662e-07
1.303000e+03 2.438003e+04 2.413987e+04 2.427527e+04 9.851559e-07
1.304000e+03 2.444927e+04 2.415041e+04 2.427789e+04 9.800472e-07
1.305000e+03 2.453751e+04 2.415296e+04 2.428046e+04 9.750368e-07
1.306000e+03 2.449515e+04 2.415545e+04 2.428296e+04 9.701218e-07
1.307000e+03 2.439871e+04 2.415789e+04 2.428541e+04 9.653008e-07
1.308000e+03 2.433700e+04 2.416026e+04 2.428779e+04 9.605716e-07
1.309000e+03 2.450123e+04 2.416257e+04 2.429012e+04 9.559327e-07
1.310000e+03 2.429236e+04 2.416482e+04 2.429238e+04 9.513842e-07
1.311000e+03 2.437667e+04 2.416701e+04 2.429458e+04 9.469242e-07
1.312000e+03 2.449100e+04 2.416913e+04 2.429672e+04 9.425529e-07
1.313000e+03 2.458596e+04 2.417120e+04 2.429880e+04 9.382701e-07
1.314000e+03 2.449486e+04 2.417321e+04 2.430081e+04 9.340761e-07
1.315000e+03 2.454206e+04 2.417515e+04 2.430277e+04 9.299706e-07
1.316000e+03 2.428601e+04 2.417704e+04 2.430467e+04 9.259544e-07
1.317000e+03 2.458614e+04 2.418680e+04 2.430650e+04 9.220283e-07
1.318000e+03 2.443996e+04 2.418857e+04 2.430827e+04 9.181931e-07
1.319000e+03 2.434848e+04 2.419027e+04 2.430999e+04 9.144494e-07
1.320000e+03 2.445335e+04 2.419192e+04 2.431164e+04 9.107992e-07
1.321000e+03 2.449246e+04 2.419350e+04 2.431323e+04 9.072434e-07
1.322000e+03 2.456468e+04 2.419502e+04 2.431476e+04 9.037839e-07
1.323000e+03 2.456035e+04 2.419648e+04 2.431623e+04 9.004225e-07
1.324000e+03 2.440228e+04 2.419788e+04 2.431763e+04 8.971612e-07
1.325000e+03 2.440943e+04 2.419922e+04 2.431898e+04 8.940025e-07
1.326000e+03 2.423513e+04 2.420050e+04 2.432027e+04 8.909486e-07
1.327000e+03 2.437929e+04 2.420172e+04 2.432149e+04 8.880026e-07
1.328000e+03 2.446315e+04 2.420288e+04 2.432265e+04 8.851677e-07
1.329000e+03 2.440585e+04 2.420397e+04 2.432376e+04 8.824468e-07
1.330000e+03 2.441265e+04 2.420501e+04 2.432480e+04 8.798440e-07
1.331000e+03 2.437334e+04 2.420599e+04 2.432578e+04 8.773633e-07
1.332000e+03 2.435868e+04 2.420690e+04 2.432670e+04 8.750091e-07
1.333000e+03 2.432681e+04 2.420776e+04 2.432756e+04 8.727864e-07
1.334000e+03 2.427743e+04 2.420855e+04 2.432835e+04 8.707000e-07
1.335000e+03 2.419524e+04 2.420928e+04 2.432909e+04 8.687562e-07
1.336000e+03 2.429142e+04 2.420996e+04 2.432977e+04 8.669614e-07
1.337000e+03 2.423988e+04 2.421057e+04 2.433038e+04 8.653218e-07
1.338000e+03 2.435916e+04 2.421907e+04 2.433093e+04 8.638455e-07
1.339000e+03 2.441787e+04 2.421956e+04 2.433143e+04 8.625407e-07
1.340000e+03 2.435139e+04 2.421999e+04 2.433186e+04 8.614160e-07
1.341000e+03 2.426403e+04 2.422036e+04 2.433223e+04 8.604818e-07
1.342000e+03 2.436414e+04 2.422066e+04 2.433254e+04 8.597486e-07
1.343000e+03 2.423908e+04 2.422091e+04 2.433279e+04 8.592288e-07
1.344000e+03 2.437689e+04 2.422110e+04 2.433297e+04 8.589352e-07
1.345000e+03 2.439956e+04 2.422122e+04 2.433310e+04 8.588820e-07
1.346000e+03 2.436559e+04 2.422129e+04 2.433317e+04 8.590855e-07
1.347000e+03 2.436542e+04 2.422129e+04 2.433317e+04 8.595630e-07
1.348000e+03 2.442455e+04 2.422124e+04 2.433311e+04 8.603354e-07
1.349000e+03 2.445743e+04 2.422112e+04 2.433300e+04 8.614221e-07
1.350000e+03 2.453774e+04 2.422094e+04 2.433282e+04 8.628481e-07
1.351000e+03 2.450158e+04 2.421275e+04 2.433258e+04 8.646400e-07
1.352000e+03 2.442568e+04 2.421245e+04 2.433228e+04 8.668275e-07
1.353000e+03 2.459100e+04 2.421209e+04 2.433192e+04 8.694441e-07
1.354000e+03 2.445702e+04 2.421167e+04 2.433149e+04 8.725269e-07
1.355000e+03 2.443721e+04 2.421119e+04 2.433101e+04 8.761180e-07
1.356000e+03 2.429968e+04 2.421065e+04 2.433046e+04 8.802643e-07
1.357000e+03 2.428300e+04 2.421005e+04 2.432986e+04 8.850191e-07
1.358000e+03 2.415519e+04 2.420938e+04 2.432919e+04 8.904430e-07
1.359000e+03 2.422065e+04 2.420866e+04 2.432846e+04 8.966043e-07
1.360000e+03 2.423951e+04 2.420788e+04 2.432768e+04 9.035811e-07
1.361000e+03 2.432561e+04 2.420703e+04 2.432683e+04 9.114626e-07
1.362000e+03 2.450443e+04 2.420612e+04 2.432592e+04 9.203518e-07
1.363000e+03 2.455987e+04 2.419721e+04 2.432495e+04 9.303663e-07
1.364000e+03 2.442886e+04 2.419619e+04 2.432391e+04 9.416433e-07
1.365000e+03 2.448449e+04 2.419510e+04 2.432282e+04 9.543414e-07
1.366000e+03 2.428382e+04 2.419395e+04 2.432166e+04 9.686458e-07
1.367000e+03 2.414425e+04 2.418480e+04 2.432045e+04 9.847745e-07
1.368000e+03 2.422778e+04 2.418353e+04 2.431917e+04 1.002983e-06
1.369000e+03 2.427162e+04 2.418220e+04 2.431783e+04 1.023577e-06
1.370000e+03 2.417177e+04 2.417288e+04 2.431644e+04 1.046917e-06
1.371000e+03 2.427507e+04 2.417143e+04 2.431498e+04 1.073440e-06
1.372000e+03 2.439130e+04 2.416199e+04 2.431346e+04 1.103671e-06
1.373000e+03 2.411235e+04 2.416042e+04 2.431187e+04 1.138250e-06
1.374000e+03 2.421801e+04 2.415087e+04 2.431023e+04 1.177963e-06
1.375000e+03 2.422275e+04 2.414127e+04 2.430853e+04 1.223782e-06
1.376000e+03 2.419740e+04 2.413952e+04 2.430676e+04 1.276922e-06
1.377000e+03 2.416814e+04 2.412979e+04 2.430494e+04 1.338915e-06
1.378000e+03 2.418129e+04 2.411213e+04 2.430305e+04 1.411713e-06
1.379000e+03 2.408362e+04 2.410230e+04 2.430110e+04 1.497840e-06
1.380000e+03 2.404584e+04 2.408455e+04 2.429909e+04 1.600594e-06
1.381000e+03 2.386699e+04 2.406676e+04 2.429703e+04 1.724352e-06
1.382000e+03 2.368745e+04 2.404893e+04 2.429489e+04 1.875010e-06
1.383000e+03 2.327759e+04 2.401539e+04 2.429270e+04 2.060651e-06
1.384000e+03 2.311510e+04 2.398969e+04 2.429045e+04 2.292566e-06
1.385000e+03 2.285110e+04 2.394839e+04 2.428814e+04 2.586812e-06
1.386000e+03 2.252594e+04 2.389164e+04 2.428576e+04 2.966717e-06
1.387000e+03 2.225905e+04 2.382738e+04 2.428333e+04 3.466759e-06
1.388000e+03 2.196193e+04 2.374039e+04 2.428083e+04 4.138420e-06
1.389000e+03 2.154516e+04 2.361600e+04 2.427827e+04 5.058093e-06
1.390000e+03 2.145955e+04 2.345537e+04 2.427565e+04 6.333866e-06
1.391000e+03 2.153046e+04 2.323062e+04 2.427297e+04 8.099049e-06
1.392000e+03 2.184289e+04 2.293828e+04 2.427023e+04 1.046336e-05
1.393000e+03 2.202265e+04 2.259047e+04 2.426743e+04 1.338767e-05
1.394000e+03 2.240969e+04 2.223274e+04 2.426457e+04 1.650726e-05
1.395000e+03 2.257052e+04 2.194481e+04 2.426164e+04 1.907011e-05
1.396000e+03 2.272248e+04 2.181840e+04 2.425866e+04 2.020685e-05
1.397000e+03 2.316063e+04 2.189362e+04 2.425562e+04 1.946552e-05
1.398000e+03 2.351156e+04 2.214804e+04 2.425251e+04 1.714435e-05
1.399000e+03 2.370780e+04 2.249763e+04 2.424934e+04 1.406866e-05
1.400000e+03 2.383651e+04 2.285136e+04 2.424611e+04 1.105298e-05
1.401000e+03 2.387007e+04 2.315060e+04 2.424282e+04 8.550724e-06
1.402000e+03 2.383556e+04 2.337570e+04 2.423947e+04 6.657756e-06
1.403000e+03 2.380546e+04 2.354471e+04 2.423606e+04 5.283359e-06
1.404000e+03 2.390271e+04 2.367031e+04 2.423259e+04 4.292996e-06
1.405000e+03 2.398368e+04 2.375874e+04 2.422905e+04 3.571579e-06
1.406000e+03 2.400102e+04 2.382458e+04 2.422546e+04 3.036166e-06
1.407000e+03 2.403787e+04 2.387521e+04 2.422180e+04 2.630519e-06
1.408000e+03 2.399758e+04 2.391043e+04 2.421809e+04 2.317020e-06
1.409000e+03 2.408382e+04 2.393789e+04 2.421431e+04 2.070278e-06
1.410000e+03 2.396343e+04 2.396536e+04 2.421047e+04 1.872904e-06
1.411000e+03 2.410930e+04 2.397716e+04 2.420657e+04 1.712720e-06
1.412000e+03 2.413481e+04 2.398892e+04 2.420261e+04 1.581045e-06
1.413000e+03 2.410145e+04 2.400063e+04 2.419859e+04 1.471573e-06
1.414000e+03 2.399051e+04 2.401229e+04 2.419450e+04 1.379643e-06
1.415000e+03 2.393665e+04 2.401604e+04 2.419036e+04 1.301755e-06
1.416000e+03 2.409448e+04 2.401974e+04 2.418616e+04 1.235240e-06
1.417000e+03 2.399711e+04 2.402337e+04 2.418189e+04 1.178042e-06
1.418000e+03 2.391219e+04 2.402695e+04 2.417756e+04 1.128549e-06
1.419000e+03 2.400510e+04 2.403047e+04 2.417318e+04 1.085492e-06
1.420000e+03 2.408236e+04 2.402604e+04 2.416873e+04 1.047858e-06
1.421000e+03 2.413835e+04 2.402944e+04 2.416422e+04 1.014831e-06
1.422000e+03 2.430446e+04 2.402490e+04 2.415965e+04 9.857494e-07
1.423000e+03 2.443291e+04 2.402818e+04 2.415502e+04 9.600727e-07
1.424000e+03 2.442974e+04 2.402351e+04 2.415032e+04 9.373561e-07
1.425000e+03 2.425782e+04 2.402666e+04 2.414557e+04 9.172317e-07
1.426000e+03 2.415638e+04 2.402187e+04 2.414075e+04 8.993939e-07
1.427000e+03 2.410129e+04 2.401702e+04 2.413588e+04 8.835876e-07
1.428000e+03 2.404857e+04 2.401211e+04 2.413094e+04 8.695994e-07
1.429000e+03 2.402471e+04 2.401502e+04 2.412594e+04 8.572499e-07
1.430000e+03 2.421110e+04 2.400998e+04 2.412088e+04 8.463891e-07
1.431000e+03 2.417978e+04 2.400489e+04 2.411577e+04 8.368904e-07
1.432000e+03 2.423303e+04 2.399973e+04 2.411058e+04 8.286489e-07
1.433000e+03 2.426651e+04 2.399451e+04 2.410534e+04 8.215767e-07
1.434000e+03 2.444994e+04 2.398923e+04 2.410004e+04 8.156014e-07
1.435000e+03 2.439534e+04 2.398389e+04 2.409468e+04 8.106638e-07
1.436000e+03 2.429971e+04 2.397850e+04 2.408925e+04 8.067172e-07
1.437000e+03 2.426832e+04 2.398091e+04 2.408377e+04 8.037253e-07
1.438000e+03 2.414814e+04 2.397539e+04 2.407822e+04 8.016620e-07
1.439000e+03 2.400860e+04 2.396980e+04 2.407261e+04 8.005102e-07
1.440000e+03 2.395836e+04 2.396416e+04 2.406694e+04 8.002617e-07
1.441000e+03 2.396417e+04 2.395845e+04 2.406121e+04 8.009162e-07
1.442000e+03 2.398743e+04 2.395269e+04 2.405542e+04 8.024827e-07
1.443000e+03 2.393948e+04 2.393900e+04 2.404957e+04 8.049797e-07
1.444000e+03 2.407038e+04 2.393311e+04 2.404366e+04 8.084290e-07
1.445000e+03 2.416105e+04 2.392716e+04 2.403768e+04 8.128653e-07
1.446000e+03 2.403071e+04 2.392116e+04 2.403165e+04 8.183349e-07
1.447000e+03 2.402939e+04 2.391509e+04 2.402555e+04 8.248904e-07
1.448000e+03 2.409962e+04 2.390896e+04 2.401940e+04 8.325976e-07
1.449000e+03 2.414351e+04 2.390277e+04 2.401318e+04 8.415337e-07
1.450000e+03 2.413969e+04 2.389652e+04 2.400690e+04 8.517904e-07
1.451000e+03 2.386513e+04 2.389021e+04 2.400056e+04 8.634754e-07
1.452000e+03 2.376974e+04 2.387600e+04 2.399416e+04 8.767140e-07
1.453000e+03 2.389692e+04 2.386957e+04 2.398770e+04 8.916527e-07
1.454000e+03 2.379308e+04 2.386308e+04 2.398117e+04 9.084621e-07
1.455000e+03 2.398937e+04 2.384870e+04 2.397459e+04 9.273410e-07
1.456000e+03 2.410055e+04 2.384209e+04 2.396795e+04 9.485218e-07
1.457000e+03 2.416775e+04 2.383542e+04 2.396124e+04 9.722763e-07
1.458000e+03 2.415562e+04 2.382087e+04 2.395447e+04 9.989241e-07
1.459000e+03 2.413758e+04 2.381408e+04 2.394764e+04 1.028842e-06
1.460000e+03 2.398769e+04 2.379942e+04 2.394076e+04 1.062474e-06
1.461000e+03 2.403410e+04 2.379251e+04 2.393381e+04 1.100350e-06
1.462000e+03 2.408476e+04 2.377774e+04 2.392679e+04 1.143103e-06
1.463000e+03 2.391263e+04 2.376293e+04 2.391972e+04 1.191494e-06
1.464000e+03 2.385975e+04 2.374805e+04 2.391259e+04 1.246441e-06
1.465000e+03 2.391962e+04 2.373313e+04 2.390540e+04 1.309067e-06
1.466000e+03 2.392751e+04 2.371816e+04 2.389814e+04 1.380747e-06
1.467000e+03 2.385939e+04 2.369538e+04 2.389083e+04 1.463184e-06
1.468000e+03 2.392362e+04 2.368032e+04 2.388345e+04 1.558504e-06
1.469000e+03 2.390499e+04 2.365747e+04 2.387601e+04 1.669390e-06
1.470000e+03 2.385984e+04 2.363458e+04 2.386851e+04 1.799263e-06
1.471000e+03 2.404598e+04 2.360397e+04 2.386095e+04 1.952536e-06
1.472000e+03 2.395895e+04 2.357335e+04 2.385333e+04 2.134980e-06
1.473000e+03 2.375828e+04 2.354272e+04 2.384565e+04 2.354241e-06
1.474000e+03 2.381364e+04 2.349681e+04 2.383791e+04 2.620623e-06
1.475000e+03 2.379683e+04 2.345099e+04 2.383010e+04 2.948238e-06
1.476000e+03 2.368609e+04 2.339009e+04 2.382224e+04 3.356792e-06
1.477000e+03 2.380311e+04 2.331434e+04 2.381431e+04 3.874355e-06
1.478000e+03 2.363356e+04 2.322400e+04 2.380633e+04 4.541734e-06
1.479000e+03 2.348118e+04 2.310461e+04 2.379828e+04 5.419501e-06
1.480000e+03 2.352236e+04 2.294971e+04 2.379017e+04 6.598961e-06
1.481000e+03 2.344790e+04 2.274637e+04 2.378200e+04 8.218107e-06
1.482000e+03 2.345190e+04 2.246906e+04 2.377377e+04 1.047945e-05
1.483000e+03 2.372220e+04 2.209606e+04 2.376548e+04 1.365115e-05
1.484000e+03 2.371879e+04 2.160451e+04 2.375712e+04 1.799667e-05
1.485000e+03 2.362251e+04 2.101061e+04 2.374871e+04 2.354476e-05
1.486000e+03 2.365334e+04 2.039010e+04 2.374023e+04 2.969642e-05
1.487000e+03 2.359915e+04 1.988137e+04 2.373170e+04 3.498417e-05
1.488000e+03 2.348927e+04 1.964073e+04 2.372310e+04 3.753942e-05
1.489000e+03 2.355513e+04 1.974684e+04 2.371444e+04 3.627719e-05
1.490000e+03 2.355764e+04 2.016051e+04 2.370572e+04 3.174645e-05
1.491000e+03 2.356734e+04 2.074680e+04 2.369695e+04 2.568799e-05
1.492000e+03 2.360499e+04 2.134958e+04 2.368810e+04 1.981162e-05
1.493000e+03 2.349000e+04 2.186161e+04 2.367920e+04 1.501972e-05
1.494000e+03 2.370719e+04 2.226016e+04 2.367024e+04 1.145652e-05
1.495000e+03 2.365505e+04 2.255256e+04 2.366121e+04 8.904483e-06
1.496000e+03 2.358006e+04 2.275860e+04 2.365213e+04 7.082784e-06
1.497000e+03 2.359326e+04 2.290981e+04 2.364298e+04 5.763878e-06
1.498000e+03 2.378657e+04 2.302603e+04 2.363378e+04 4.788928e-06
1.499000e+03 2.405812e+04 2.310613e+04 2.362451e+04 4.052258e-06
1.500000e+03 2.399316e+04 2.317178e+04 2.361518e+04 3.483978e-06
1.501000e+03 2.373827e+04 2.321517e+04 2.360579e+04 3.037296e-06
1.502000e+03 2.374017e+04 2.325114e+04 2.359634e+04 2.680274e-06
1.503000e+03 2.365603e+04 2.327961e+04 2.358683e+04 2.390645e-06
1.504000e+03 2.363016e+04 2.330051e+04 2.357726e+04 2.152568e-06
1.505000e+03 2.359111e+04 2.331379e+04 2.356762e+04 1.954558e-06
1.506000e+03 2.343124e+04 2.332704e+04 2.355793e+04 1.788132e-06
1.507000e+03 2.347800e+04 2.333263e+04 2.354817e+04 1.646931e-06
1.508000e+03 2.352378e+04 2.333816e+04 2.353835e+04 1.526109e-06
1.509000e+03 2.355118e+04 2.334364e+04 2.352848e+04 1.421927e-06
1.510000e+03 2.364827e+04 2.334906e+04 2.351854e+04 1.331464e-06
1.511000e+03 2.362787e+04 2.334678e+04 2.350854e+04 1.252412e-06
1.512000e+03 2.367188e+04 2.334444e+04 2.349848e+04 1.182929e-06
1.513000e+03 2.369412e+04 2.334203e+04 2.348835e+04 1.121531e-06
1.514000e+03 2.345513e+04 2.333957e+04 2.347817e+04 1.067009e-06
1.515000e+03 2.324891e+04 2.333704e+04 2.346793e+04 1.018376e-06
1.516000e+03 2.340409e+04 2.333445e+04 2.345762e+04 9.748148e-07
1.517000e+03 2.333353e+04 2.332413e+04 2.344726e+04 9.356460e-07
1.518000e+03 2.331730e+04 2.332142e+04 2.343683e+04 9.003020e-07
1.519000e+03 2.330774e+04 2.331098e+04 2.342634e+04 8.683049e-07
1.520000e+03 2.322855e+04 2.330813e+04 2.341579e+04 8.392502e-07
1.521000e+03 2.324174e+04 2.329757e+04 2.340518e+04 8.127939e-07
1.522000e+03 2.314648e+04 2.329460e+04 2.339451e+04 7.886422e-07
1.523000e+03 2.332318e+04 2.328391e+04 2.338378e+04 7.665427e-07
1.524000e+03 2.328505e+04 2.327317e+04 2.337299e+04 7.462774e-07
1.525000e+03 2.323174e+04 2.327001e+04 2.336213e+04 7.276585e-07
1.526000e+03 2.307503e+04 2.325913e+04 2.335122e+04 7.105222e-07
1.527000e+03 2.304476e+04 2.324820e+04 2.334024e+04 6.947265e-07
1.528000e+03 2.311380e+04 2.324485e+04 2.332921e+04 6.801471e-07
1.529000e+03 2.302929e+04 2.323379e+04 2.331811e+04 6.666749e-07
1.530000e+03 2.304881e+04 2.322267e+04 2.330695e+04 6.542147e-07
1.531000e+03 2.311145e+04 2.321149e+04 2.329573e+04 6.426826e-07
1.532000e+03 2.318846e+04 2.320025e+04 2.328445e+04 6.320046e-07
1.533000e+03 2.331777e+04 2.319657e+04 2.327310e+04 6.221160e-07
1.534000e+03 2.336132e+04 2.318521e+04 2.326170e+04 6.129616e-07
1.535000e+03 2.324671e+04 2.317378e+04 2.325024e+04 6.044878e-07
1.536000e+03 2.313063e+04 2.316229e+04 2.323871e+04 5.966519e-07
1.537000e+03 2.303004e+04 2.315075e+04 2.322713e+04 5.894154e-07
1.538000e+03 2.296537e+04 2.313914e+04 2.321548e+04 5.827452e-07
1.539000e+03 2.315702e+04 2.312747e+04 2.320377e+04 5.766124e-07
1.540000e+03 2.321327e+04 2.311574e+04 2.319200e+04 5.709926e-07
1.541000e+03 2.314233e+04 2.311155e+04 2.318017e+04 5.658654e-07
1.542000e+03 2.322699e+04 2.309969e+04 2.316828e+04 5.612144e-07
1.543000e+03 2.321993e+04 2.308778e+04 2.315633e+04 5.570269e-07
1.544000e+03 2.332692e+04 2.307580e+04 2.314432e+04 5.532939e-07
1.545000e+03 2.314508e+04 2.306376e+04 2.313224e+04 5.500107e-07
1.546000e+03 2.322099e+04 2.305166e+04 2.312011e+04 5.471759e-07
1.547000e+03 2.296388e+04 2.303950e+04 2.310791e+04 5.447929e-07
1.548000e+03 2.281187e+04 2.302728e+04 2.309565e+04 5.428697e-07
1.549000e+03 2.302883e+04 2.301500e+04 2.308334e+04 5.414188e-07
1.550000e+03 2.294876e+04 2.300266e+04 2.307096e+04 5.404593e-07
1.551000e+03 2.290409e+04 2.299025e+04 2.305852e+04 5.400167e-07
1.552000e+03 2.283371e+04 2.297779e+04 2.304602e+04 5.401244e-07
1.553000e+03 2.295455e+04 2.296526e+04 2.303345e+04 5.408257e-07
1.554000e+03 2.273307e+04 2.295268e+04 2.302083e+04 5.421751e-07
1.555000e+03 2.272785e+04 2.294003e+04 2.300815e+04 5.442424e-07
1.556000e+03 2.279708e+04 2.292732e+04 2.299540e+04 5.471148e-07
1.557000e+03 2.288463e+04 2.291455e+04 2.298260e+04 5.509032e-07
1.558000e+03 2.286849e+04 2.290173e+04 2.296973e+04 5.557486e-07
1.559000e+03 2.286796e+04 2.288884e+04 2.295680e+04 5.618316e-07
1.560000e+03 2.292423e+04 2.286836e+04 2.294381e+04 5.693855e-07
1.561000e+03 2.276433e+04 2.285536e+04 2.293076e+04 5.787157e-07
1.562000e+03 2.289092e+04 2.284229e+04 2.291765e+04 5.902263e-07
1.563000e+03 2.301178e+04 2.282916e+04 2.290448e+04 6.044614e-07
1.564000e+03 2.293911e+04 2.281597e+04 2.289125e+04 6.221668e-07
1.565000e+03 2.284123e+04 2.279522e+04 2.287795e+04 6.443851e-07
1.566000e+03 2.276742e+04 2.278192e+04 2.286460e+04 6.726095e-07
1.567000e+03 2.278566e+04 2.276107e+04 2.285118e+04 7.090379e-07
1.568000e+03 2.272875e+04 2.274017e+04 2.283770e+04 7.570087e-07
1.569000e+03 2.267168e+04 2.271922e+04 2.282416e+04 8.217726e-07
1.570000e+03 2.247095e+04 2.269824e+04 2.281057e+04 9.118929e-07
1.571000e+03 2.229222e+04 2.266976e+04 2.279691e+04 1.041759e-06
1.572000e+03 2.232449e+04 2.262642e+04 2.278318e+04 1.235625e-06
1.573000e+03 2.234916e+04 2.257575e+04 2.276940e+04 1.531837e-06
1.574000e+03 2.233964e+04 2.251048e+04 2.275556e+04 1.979487e-06
1.575000e+03 2.226198e+04 2.241625e+04 2.274165e+04 2.609736e-06
1.576000e+03 2.222051e+04 2.230817e+04 2.272769e+04 3.370943e-06
1.577000e+03 2.228260e+04 2.221527e+04 2.271366e+04 4.071781e-06
1.578000e+03 2.252745e+04 2.215859e+04 2.269958e+04 4.435214e-06
1.579000e+03 2.236580e+04 2.215905e+04 2.268543e+04 4.286434e-06
1.580000e+03 2.231220e+04 2.221677e+04 2.267122e+04 3.701680e-06
1.581000e+03 2.226300e+04 2.229650e+04 2.265695e+04 2.941199e-06
1.582000e+03 2.217254e+04 2.236226e+04 2.264262e+04 2.248528e-06
1.583000e+03 2.218036e+04 2.241378e+04 2.262823e+04 1.731369e-06
1.584000e+03 2.242612e+04 2.244347e+04 2.261377e+04 1.384188e-06
1.585000e+03 2.239582e+04 2.245848e+04 2.259926e+04 1.159819e-06
1.586000e+03 2.252574e+04 2.245872e+04 2.258468e+04 1.014039e-06
1.587000e+03 2.254665e+04 2.245890e+04 2.257005e+04 9.170507e-07
1.588000e+03 2.260142e+04 2.245165e+04 2.255535e+04 8.509160e-07
1.589000e+03 2.259627e+04 2.243696e+04 2.254059e+04 8.050511e-07
1.590000e+03 2.254308e+04 2.242957e+04 2.252577e+04 7.730799e-07
1.591000e+03 2.251380e+04 2.241475e+04 2.251089e+04 7.510345e-07
1.592000e+03 2.252342e+04 2.240724e+04 2.249595e+04 7.363647e-07
1.593000e+03 2.245377e+04 2.239230e+04 2.248095e+04 7.273842e-07
1.594000e+03 2.231351e+04 2.237729e+04 2.246589e+04 7.229591e-07
1.595000e+03 2.223449e+04 2.236223e+04 2.245076e+04 7.223135e-07
1.596000e+03 2.223020e+04 2.234711e+04 2.243558e+04 7.249187e-07
1.597000e+03 2.218239e+04 2.233192e+04 2.242033e+04 7.304185e-07
1.598000e+03 2.222228e+04 2.231667e+04 2.240502e+04 7.385839e-07
1.599000e+03 2.219108e+04 2.229404e+04 2.238966e+04 7.492819e-07
1.600000e+03 2.210836e+04 2.227867e+04 2.237423e+04 7.624560e-07
1.601000e+03 2.206291e+04 2.226325e+04 2.235874e+04 7.781139e-07
1.602000e+03 2.202129e+04 2.224776e+04 2.234319e+04 7.963199e-07
1.603000e+03 2.200182e+04 2.222492e+04 2.232757e+04 8.171907e-07
1.604000e+03 2.201694e+04 2.220932e+04 2.231190e+04 8.408947e-07
1.605000e+03 2.205955e+04 2.218637e+04 2.229617e+04 8.676539e-07
1.606000e+03 2.205268e+04 2.217065e+04 2.228037e+04 8.977469e-07
1.607000e+03 2.212724e+04 2.214760e+04 2.226451e+04 9.315165e-07
1.608000e+03 2.202378e+04 2.213177e+04 2.224860e+04 9.693777e-07
1.609000e+03 2.197020e+04 2.210862e+04 2.223262e+04 1.011829e-06
1.610000e+03 2.207499e+04 2.208542e+04 2.221658e+04 1.059470e-06
1.611000e+03 2.202449e+04 2.206218e+04 2.220048e+04 1.113018e-06
1.612000e+03 2.198753e+04 2.203890e+04 2.218432e+04 1.173337e-06
1.613000e+03 2.182835e+04 2.201556e+04 2.216810e+04 1.241468e-06
1.614000e+03 2.189041e+04 2.199219e+04 2.215181e+04 1.318671e-06
1.615000e+03 2.175303e+04 2.196157e+04 2.213547e+04 1.406482e-06
1.616000e+03 2.181140e+04 2.193812e+04 2.211906e+04 1.506783e-06
1.617000e+03 2.201444e+04 2.190745e+04 2.210260e+04 1.621896e-06
1.618000e+03 2.207046e+04 2.187676e+04 2.208607e+04 1.754706e-06
1.619000e+03 2.186582e+04 2.183892e+04 2.206948e+04 1.908832e-06
1.620000e+03 2.169262e+04 2.180109e+04 2.205283e+04 2.088852e-06
1.621000e+03 2.178638e+04 2.175619e+04 2.203612e+04 2.300609e-06
1.622000e+03 2.165032e+04 2.171134e+04 2.201935e+04 2.551643e-06
1.623000e+03 2.145003e+04 2.165951e+04 2.200252e+04 2.851781e-06
1.624000e+03 2.135340e+04 2.160079e+04 2.198563e+04 3.214010e-06
1.625000e+03 2.126275e+04 2.153527e+04 2.196867e+04 3.655525e-06
1.626000e+03 2.108006e+04 2.145613e+04 2.195166e+04 4.199582e-06
1.627000e+03 2.086836e+04 2.135680e+04 2.193458e+04 4.877724e-06
1.628000e+03 2.086809e+04 2.124457e+04 2.191744e+04 5.733023e-06
1.629000e+03 2.078636e+04 2.110640e+04 2.190024e+04 6.824222e-06
1.630000e+03 2.053673e+04 2.093005e+04 2.188299e+04 8.230238e-06
1.631000e+03 2.003166e+04 2.071088e+04 2.186567e+04 1.005258e-05
1.632000e+03 1.979398e+04 2.044525e+04 2.184829e+04 1.240802e-05
1.633000e+03 1.898111e+04 2.011836e+04 2.183084e+04 1.539234e-05
1.634000e+03 1.848425e+04 1.974208e+04 2.181334e+04 1.897953e-05
1.635000e+03 1.773609e+04 1.935061e+04 2.179578e+04 2.282977e-05
1.636000e+03 1.739039e+04 1.902841e+04 2.177815e+04 2.610742e-05
1.637000e+03 1.734308e+04 1.887152e+04 2.176046e+04 2.766513e-05
1.638000e+03 1.739827e+04 1.893197e+04 2.174272e+04 2.680908e-05
1.639000e+03 1.769439e+04 1.918095e+04 2.172491e+04 2.393171e-05
1.640000e+03 1.830097e+04 1.952925e+04 2.170704e+04 2.014088e-05
1.641000e+03 1.891508e+04 1.988496e+04 2.168911e+04 1.641479e-05
1.642000e+03 1.923715e+04 2.019218e+04 2.167112e+04 1.323229e-05
1.643000e+03 1.973343e+04 2.044562e+04 2.165306e+04 1.069072e-05
1.644000e+03 2.002991e+04 2.064071e+04 2.163495e+04 8.716497e-06
1.645000e+03 2.007468e+04 2.078695e+04 2.161678e+04 7.193255e-06
1.646000e+03 2.031601e+04 2.090204e+04 2.159854e+04 6.013269e-06
1.647000e+03 2.047782e+04 2.099157e+04 2.158025e+04 5.090783e-06
1.648000e+03 2.069921e+04 2.105479e+04 2.156189e+04 4.361392e-06
1.649000e+03 2.086966e+04 2.110480e+04 2.154347e+04 3.777737e-06
1.650000e+03 2.089739e+04 2.114136e+04 2.152499e+04 3.305154e-06
1.651000e+03 2.089962e+04 2.116430e+04 2.150645e+04 2.918145e-06
1.652000e+03 2.101635e+04 2.118038e+04 2.148785e+04 2.597907e-06
1.653000e+03 2.120604e+04 2.119645e+04 2.146919e+04 2.330282e-06
1.654000e+03 2.122588e+04 2.120560e+04 2.145046e+04 2.104592e-06
1.655000e+03 2.112900e+04 2.120778e+04 2.143168e+04 1.912669e-06
1.656000e+03 2.103601e+04 2.120990e+04 2.141283e+04 1.748202e-06
1.657000e+03 2.112919e+04 2.120503e+04 2.139393e+04 1.606257e-06
1.658000e+03 2.105172e+04 2.120010e+04 2.137496e+04 1.482947e-06
1.659000e+03 2.106578e+04 2.119510e+04 2.135593e+04 1.375173e-06
1.660000e+03 2.110638e+04 2.119003e+04 2.133684e+04 1.280448e-06
1.661000e+03 2.108071e+04 2.117795e+04 2.131769e+04 1.196757e-06
1.662000e+03 2.103950e+04 2.116580e+04 2.129848e+04 1.122454e-06
1.663000e+03 2.123078e+04 2.115359e+04 2.127921e+04 1.056188e-06
1.664000e+03 2.119127e+04 2.114130e+04 2.125988e+04 9.968390e-07
1.665000e+03 2.123262e+04 2.112895e+04 2.124048e+04 9.434751e-07
1.666000e+03 2.129951e+04 2.111652e+04 2.122103e+04 8.953143e-07
1.667000e+03 2.107340e+04 2.110403e+04 2.120151e+04 8.516975e-07
1.668000e+03 2.104854e+04 2.108454e+04 2.118193e+04 8.120663e-07
1.669000e+03 2.094654e+04 2.107191e+04 2.116229e+04 7.759448e-07
1.670000e+03 2.101001e+04 2.105922e+04 2.114259e+04 7.429263e-07
1.671000e+03 2.107377e+04 2.103954e+04 2.112283e+04 7.126604e-07
1.672000e+03 2.108955e+04 2.102671e+04 2.110301e+04 6.848452e-07
1.673000e+03 2.095086e+04 2.100689e+04 2.108313e+04 6.592186e-07
1.674000e+03 2.107119e+04 2.098702e+04 2.106319e+04 6.355525e-07
1.675000e+03 2.109619e+04 2.097399e+04 2.104318e+04 6.136478e-07
1.676000e+03 2.093508e+04 2.095398e+04 2.102312e+04 5.933300e-07
1.677000e+03 2.096294e+04 2.093392e+04 2.100299e+04 5.744457e-07
1.678000e+03 2.089577e+04 2.092068e+04 2.098280e+04 5.568595e-07
1.679000e+03 2.108476e+04 2.090049e+04 2.096255e+04 5.404515e-07
1.680000e+03 2.111289e+04 2.088025e+04 2.094225e+04 5.251156e-07
1.681000e+03 2.109471e+04 2.085994e+04 2.092188e+04 5.107571e-07
1.682000e+03 2.108881e+04 2.084642e+04 2.090144e+04 4.972917e-07
1.683000e+03 2.102764e+04 2.082598e+04 2.088095e+04 4.846438e-07
1.684000e+03 2.094014e+04 2.080548e+04 2.086040e+04 4.727460e-07
1.685000e+03 2.092873e+04 2.078492e+04 2.083978e+04 4.615374e-07
1.686000e+03 2.083262e+04 2.076430e+04 2.081911e+04 4.509632e-07
1.687000e+03 2.080996e+04 2.075045e+04 2.079837e+04 4.409743e-07
1.688000e+03 2.085984e+04 2.072970e+04 2.077757e+04 4.315258e-07
1.689000e+03 2.078801e+04 2.070889e+04 2.075672e+04 4.225773e-07
1.690000e+03 2.075012e+04 2.068802e+04 2.073580e+04 4.140920e-07
1.691000e+03 2.060239e+04 2.066709e+04 2.071482e+04 4.060366e-07
1.692000e+03 2.070784e+04 2.064609e+04 2.069378e+04 3.983806e-07
1.693000e+03 2.068467e+04 2.062504e+04 2.067267e+04 3.910963e-07
1.694000e+03 2.064734e+04 2.061071e+04 2.065151e+04 3.841582e-07
1.695000e+03 2.065543e+04 2.058953e+04 2.063029e+04 3.775431e-07
1.696000e+03 2.072585e+04 2.056828e+04 2.060900e+04 3.712297e-07
1.697000e+03 2.062667e+04 2.054698e+04 2.058765e+04 3.651985e-07
1.698000e+03 2.062594e+04 2.052562e+04 2.056625e+04 3.594314e-07
1.699000e+03 2.057939e+04 2.050419e+04 2.054478e+04 3.539118e-07
1.700000e+03 2.068932e+04 2.048270e+04 2.052325e+04 3.486246e-07
