7.350000e+02 1.360263e+04 1.278989e+04 1.279411e+04 8.118412e-08
7.360000e+02 1.363153e+04 1.282654e+04 1.283077e+04 8.188808e-08
7.370000e+02 1.366593e+04 1.286313e+04 1.286738e+04 8.260143e-08
7.380000e+02 1.373871e+04 1.289967e+04 1.290392e+04 8.332432e-08
7.390000e+02 1.373895e+04 1.293614e+04 1.294041e+04 8.405687e-08
7.400000e+02 1.370654e+04 1.297256e+04 1.297684e+04 8.479937e-08
7.410000e+02 1.385484e+04 1.300891e+04 1.301320e+04 8.555200e-08
7.420000e+02 1.382047e+04 1.304521e+04 1.304951e+04 8.631480e-08
7.430000e+02 1.374940e+04 1.308145e+04 1.308577e+04 8.708799e-08
7.440000e+02 1.372994e+04 1.311763e+04 1.312196e+04 8.787182e-08
7.450000e+02 1.376137e+04 1.315375e+04 1.315809e+04 8.866645e-08
7.460000e+02 1.381154e+04 1.318547e+04 1.319417e+04 8.947214e-08
7.470000e+02 1.382994e+04 1.322146e+04 1.323018e+04 9.028904e-08
7.480000e+02 1.390172e+04 1.325739e+04 1.326614e+04 9.111737e-08
7.490000e+02 1.402908e+04 1.329327e+04 1.330204e+04 9.195739e-08
7.500000e+02 1.392604e+04 1.332909e+04 1.333788e+04 9.280927e-08
7.510000e+02 1.391862e+04 1.336485e+04 1.337367e+04 9.367324e-08
7.520000e+02 1.382409e+04 1.340055e+04 1.340939e+04 9.454955e-08
7.530000e+02 1.391190e+04 1.343619e+04 1.344505e+04 9.543845e-08
7.540000e+02 1.398582e+04 1.347177e+04 1.348066e+04 9.634013e-08
7.550000e+02 1.414457e+04 1.350729e+04 1.351621e+04 9.725492e-08
7.560000e+02 1.422910e+04 1.354276e+04 1.355170e+04 9.818299e-08
7.570000e+02 1.428868e+04 1.357817e+04 1.358713e+04 9.912466e-08
7.580000e+02 1.425001e+04 1.361351e+04 1.362250e+04 1.000802e-07
7.590000e+02 1.416762e+04 1.364880e+04 1.365781e+04 1.010498e-07
7.600000e+02 1.417695e+04 1.368403e+04 1.369306e+04 1.020339e-07
7.610000e+02 1.418708e+04 1.371921e+04 1.372826e+04 1.030326e-07
7.620000e+02 1.416114e+04 1.375432e+04 1.376339e+04 1.040464e-07
7.630000e+02 1.421444e+04 1.378937e+04 1.379847e+04 1.050754e-07
7.640000e+02 1.433834e+04 1.382437e+04 1.383349e+04 1.061200e-07
7.650000e+02 1.446762e+04 1.385931e+04 1.386845e+04 1.071806e-07
7.660000e+02 1.447161e+04 1.389419e+04 1.390335e+04 1.082574e-07
7.670000e+02 1.446364e+04 1.392901e+04 1.393820e+04 1.093508e-07
7.680000e+02 1.455026e+04 1.396377e+04 1.397298e+04 1.104611e-07
7.690000e+02 1.445594e+04 1.399847e+04 1.400771e+04 1.115888e-07
7.700000e+02 1.450298e+04 1.403312e+04 1.404238e+04 1.127340e-07
7.710000e+02 1.463950e+04 1.406770e+04 1.407698e+04 1.138973e-07
7.720000e+02 1.453582e+04 1.410223e+04 1.411153e+04 1.150790e-07
7.730000e+02 1.459535e+04 1.413670e+04 1.414602e+04 1.162795e-07
7.740000e+02 1.477786e+04 1.417111e+04 1.418046e+04 1.174991e-07
7.750000e+02 1.475852e+04 1.420546e+04 1.421483e+04 1.187384e-07
7.760000e+02 1.472551e+04 1.423975e+04 1.424915e+04 1.199977e-07
7.770000e+02 1.456954e+04 1.427398e+04 1.428340e+04 1.212776e-07
7.780000e+02 1.472286e+04 1.430816e+04 1.431760e+04 1.225783e-07
7.790000e+02 1.471886e+04 1.434227e+04 1.435174e+04 1.239004e-07
7.800000e+02 1.464873e+04 1.437633e+04 1.438582e+04 1.252443e-07
7.810000e+02 1.464678e+04 1.441033e+04 1.441984e+04 1.266106e-07
7.820000e+02 1.472737e+04 1.444427e+04 1.445380e+04 1.279998e-07
7.830000e+02 1.477974e+04 1.447815e+04 1.448771e+04 1.294123e-07
7.840000e+02 1.491090e+04 1.451198e+04 1.452155e+04 1.308487e-07
7.850000e+02 1.488986e+04 1.454574e+04 1.455534e+04 1.323095e-07
7.860000e+02 1.488087e+04 1.457945e+04 1.458907e+04 1.337954e-07
7.870000e+02 1.481946e+04 1.461310e+04 1.462274e+04 1.353068e-07
7.880000e+02 1.488833e+04 1.464669e+04 1.465635e+04 1.368444e-07
7.890000e+02 1.487233e+04 1.468021e+04 1.468990e+04 1.384087e-07
7.900000e+02 1.485682e+04 1.471369e+04 1.472340e+04 1.400004e-07
7.910000e+02 1.492194e+04 1.474710e+04 1.475683e+04 1.416203e-07
7.920000e+02 1.505391e+04 1.478045e+04 1.479021e+04 1.432688e-07
7.930000e+02 1.511898e+04 1.481375e+04 1.482352e+04 1.449468e-07
7.940000e+02 1.502708e+04 1.484699e+04 1.485678e+04 1.466548e-07
7.950000e+02 1.504383e+04 1.488017e+04 1.488998e+04 1.483936e-07
7.960000e+02 1.508329e+04 1.490837e+04 1.492313e+04 1.501641e-07
7.970000e+02 1.509895e+04 1.494142e+04 1.495621e+04 1.519669e-07
7.980000e+02 1.516242e+04 1.497441e+04 1.498923e+04 1.538029e-07
7.990000e+02 1.526858e+04 1.500734e+04 1.502220e+04 1.556729e-07
8.000000e+02 1.529374e+04 1.504022e+04 1.505510e+04 1.575777e-07
8.010000e+02 1.534564e+04 1.507303e+04 1.508795e+04 1.595182e-07
8.020000e+02 1.530798e+04 1.510579e+04 1.512074e+04 1.614953e-07
8.030000e+02 1.524041e+04 1.513849e+04 1.515347e+04 1.635100e-07
8.040000e+02 1.525070e+04 1.517113e+04 1.518614e+04 1.655632e-07
8.050000e+02 1.538865e+04 1.520371e+04 1.521876e+04 1.676559e-07
8.060000e+02 1.543151e+04 1.523623e+04 1.525131e+04 1.697891e-07
8.070000e+02 1.537198e+04 1.526870e+04 1.528381e+04 1.719638e-07
8.080000e+02 1.547452e+04 1.530110e+04 1.531625e+04 1.741813e-07
8.090000e+02 1.543554e+04 1.533345e+04 1.534863e+04 1.764425e-07
8.100000e+02 1.543985e+04 1.536574e+04 1.538095e+04 1.787486e-07
8.110000e+02 1.546374e+04 1.539797e+04 1.541321e+04 1.811010e-07
8.120000e+02 1.542966e+04 1.543014e+04 1.544541e+04 1.835008e-07
8.130000e+02 1.545721e+04 1.546225e+04 1.547755e+04 1.859493e-07
8.140000e+02 1.546047e+04 1.549430e+04 1.550964e+04 1.884478e-07
8.150000e+02 1.553599e+04 1.552630e+04 1.554167e+04 1.909977e-07
8.160000e+02 1.561378e+04 1.555823e+04 1.557363e+04 1.936005e-07
8.170000e+02 1.562788e+04 1.559011e+04 1.560554e+04 1.962576e-07
8.180000e+02 1.573964e+04 1.562193e+04 1.563739e+04 1.989706e-07
8.190000e+02 1.573250e+04 1.565369e+04 1.566919e+04 2.017410e-07
8.200000e+02 1.576758e+04 1.568539e+04 1.570092e+04 2.045704e-07
8.210000e+02 1.571582e+04 1.571704e+04 1.573259e+04 2.074606e-07
8.220000e+02 1.576273e+04 1.574343e+04 1.576421e+04 2.104134e-07
8.230000e+02 1.578146e+04 1.577495e+04 1.579577e+04 2.134305e-07
8.240000e+02 1.586742e+04 1.580641e+04 1.582727e+04 2.165138e-07
8.250000e+02 1.590118e+04 1.583780e+04 1.585871e+04 2.196654e-07
8.260000e+02 1.601025e+04 1.586915e+04 1.589009e+04 2.228872e-07
8.270000e+02 1.590086e+04 1.590043e+04 1.592141e+04 2.261813e-07
8.280000e+02 1.586527e+04 1.593165e+04 1.595267e+04 2.295500e-07
8.290000e+02 1.583489e+04 1.596281e+04 1.598388e+04 2.329955e-07
8.300000e+02 1.591102e+04 1.599392e+04 1.601502e+04 2.365202e-07
8.310000e+02 1.583100e+04 1.602496e+04 1.604611e+04 2.401266e-07
8.320000e+02 1.595087e+04 1.605595e+04 1.607714e+04 2.438170e-07
8.330000e+02 1.598404e+04 1.608688e+04 1.610811e+04 2.475944e-07
8.340000e+02 1.607929e+04 1.611775e+04 1.613902e+04 2.514614e-07
8.350000e+02 1.606874e+04 1.614857e+04 1.616988e+04 2.554208e-07
8.360000e+02 1.609166e+04 1.617932e+04 1.620067e+04 2.594755e-07
8.370000e+02 1.607380e+04 1.621002e+04 1.623141e+04 2.636289e-07
8.380000e+02 1.613468e+04 1.624065e+04 1.626208e+04 2.678841e-07
8.390000e+02 1.611770e+04 1.626587e+04 1.629270e+04 2.722444e-07
8.400000e+02 1.611158e+04 1.629638e+04 1.632326e+04 2.767133e-07
8.410000e+02 1.613799e+04 1.632683e+04 1.635376e+04 2.812945e-07
8.420000e+02 1.628095e+04 1.635722e+04 1.638421e+04 2.859918e-07
8.430000e+02 1.622172e+04 1.638756e+04 1.641459e+04 2.908092e-07
8.440000e+02 1.634050e+04 1.641783e+04 1.644492e+04 2.957508e-07
8.450000e+02 1.625868e+04 1.644805e+04 1.647518e+04 3.008209e-07
8.460000e+02 1.625373e+04 1.647821e+04 1.650539e+04 3.060241e-07
8.470000e+02 1.631757e+04 1.650831e+04 1.653554e+04 3.113650e-07
8.480000e+02 1.631305e+04 1.653835e+04 1.656563e+04 3.168486e-07
8.490000e+02 1.634157e+04 1.656833e+04 1.659566e+04 3.224799e-07
8.500000e+02 1.645303e+04 1.659279e+04 1.662563e+04 3.282645e-07
8.510000e+02 1.648998e+04 1.662264e+04 1.665555e+04 3.342079e-07
8.520000e+02 1.654759e+04 1.665244e+04 1.668540e+04 3.403159e-07
8.530000e+02 1.649295e+04 1.668218e+04 1.671520e+04 3.465949e-07
8.540000e+02 1.646009e+04 1.671186e+04 1.674494e+04 3.530511e-07
8.550000e+02 1.634473e+04 1.674148e+04 1.677462e+04 3.596914e-07
8.560000e+02 1.632945e+04 1.677104e+04 1.680424e+04 3.665229e-07
8.570000e+02 1.646173e+04 1.680054e+04 1.683380e+04 3.735529e-07
8.580000e+02 1.648985e+04 1.682999e+04 1.686330e+04 3.807891e-07
8.590000e+02 1.670863e+04 1.685383e+04 1.689275e+04 3.882400e-07
8.600000e+02 1.671953e+04 1.688314e+04 1.692214e+04 3.959140e-07
8.610000e+02 1.674780e+04 1.691240e+04 1.695146e+04 4.038202e-07
8.620000e+02 1.680007e+04 1.694161e+04 1.698073e+04 4.119678e-07
8.630000e+02 1.683918e+04 1.697075e+04 1.700994e+04 4.203672e-07
8.640000e+02 1.664239e+04 1.699983e+04 1.703909e+04 4.290286e-07
8.650000e+02 1.656791e+04 1.702886e+04 1.706819e+04 4.379631e-07
8.660000e+02 1.658091e+04 1.705221e+04 1.709722e+04 4.471823e-07
8.670000e+02 1.683496e+04 1.708111e+04 1.712620e+04 4.566985e-07
8.680000e+02 1.684868e+04 1.710995e+04 1.715511e+04 4.665248e-07
8.690000e+02 1.684079e+04 1.713873e+04 1.718397e+04 4.766744e-07
8.700000e+02 1.682657e+04 1.716746e+04 1.721277e+04 4.871620e-07
8.710000e+02 1.678052e+04 1.719613e+04 1.724151e+04 4.980027e-07
8.720000e+02 1.673121e+04 1.721906e+04 1.727019e+04 5.092126e-07
8.730000e+02 1.680582e+04 1.724760e+04 1.729882e+04 5.208088e-07
8.740000e+02 1.674046e+04 1.727609e+04 1.732738e+04 5.328090e-07
8.750000e+02 1.683625e+04 1.730451e+04 1.735589e+04 5.452324e-07
8.760000e+02 1.690341e+04 1.733287e+04 1.738434e+04 5.580990e-07
8.770000e+02 1.696596e+04 1.735546e+04 1.741272e+04 5.714305e-07
8.780000e+02 1.706428e+04 1.738370e+04 1.744105e+04 5.852494e-07
8.790000e+02 1.711516e+04 1.741188e+04 1.746933e+04 5.995794e-07
8.800000e+02 1.717954e+04 1.744000e+04 1.749754e+04 6.144467e-07
8.810000e+02 1.718689e+04 1.746232e+04 1.752569e+04 6.298782e-07
8.820000e+02 1.708609e+04 1.749031e+04 1.755379e+04 6.459030e-07
8.830000e+02 1.707671e+04 1.751825e+04 1.758182e+04 6.625516e-07
8.840000e+02 1.713289e+04 1.754613e+04 1.760980e+04 6.798572e-07
8.850000e+02 1.722239e+04 1.756817e+04 1.763772e+04 6.978545e-07
8.860000e+02 1.732916e+04 1.759592e+04 1.766558e+04 7.165813e-07
8.870000e+02 1.734614e+04 1.762361e+04 1.769338e+04 7.360773e-07
8.880000e+02 1.736307e+04 1.764545e+04 1.772113e+04 7.563852e-07
8.890000e+02 1.724348e+04 1.767301e+04 1.774881e+04 7.775508e-07
8.900000e+02 1.711737e+04 1.770052e+04 1.777644e+04 7.996231e-07
8.910000e+02 1.726357e+04 1.772215e+04 1.780401e+04 8.226548e-07
8.920000e+02 1.736052e+04 1.774953e+04 1.783151e+04 8.467021e-07
8.930000e+02 1.752743e+04 1.777102e+04 1.785896e+04 8.718255e-07
8.940000e+02 1.758618e+04 1.779828e+04 1.788636e+04 8.980905e-07
8.950000e+02 1.751486e+04 1.781962e+04 1.791369e+04 9.255670e-07
8.960000e+02 1.740771e+04 1.784675e+04 1.794096e+04 9.543310e-07
8.970000e+02 1.736470e+04 1.786796e+04 1.796818e+04 9.844637e-07
8.980000e+02 1.729836e+04 1.789496e+04 1.799533e+04 1.016054e-06
8.990000e+02 1.742982e+04 1.791604e+04 1.802243e+04 1.049196e-06
9.000000e+02 1.745707e+04 1.794291e+04 1.804947e+04 1.083994e-06
9.010000e+02 1.745373e+04 1.796384e+04 1.807645e+04 1.120560e-06
9.020000e+02 1.753764e+04 1.799060e+04 1.810337e+04 1.159015e-06
9.030000e+02 1.760763e+04 1.801139e+04 1.813023e+04 1.199493e-06
9.040000e+02 1.759076e+04 1.803211e+04 1.815704e+04 1.242136e-06
9.050000e+02 1.754666e+04 1.805275e+04 1.818379e+04 1.287101e-06
9.060000e+02 1.770864e+04 1.807925e+04 1.821047e+04 1.334562e-06
9.070000e+02 1.762579e+04 1.809976e+04 1.823710e+04 1.384703e-06
9.080000e+02 1.756844e+04 1.812019e+04 1.826367e+04 1.437733e-06
9.090000e+02 1.756460e+04 1.814056e+04 1.829018e+04 1.493874e-06
9.100000e+02 1.776596e+04 1.816085e+04 1.831663e+04 1.553376e-06
9.110000e+02 1.789278e+04 1.818107e+04 1.834303e+04 1.616511e-06
9.120000e+02 1.792337e+04 1.820122e+04 1.836936e+04 1.683580e-06
9.130000e+02 1.783201e+04 1.822130e+04 1.839564e+04 1.754916e-06
9.140000e+02 1.779318e+04 1.823535e+04 1.842186e+04 1.830886e-06
9.150000e+02 1.780586e+04 1.825529e+04 1.844802e+04 1.911901e-06
9.160000e+02 1.777244e+04 1.826918e+04 1.847412e+04 1.998413e-06
9.170000e+02 1.776801e+04 1.828897e+04 1.850016e+04 2.090929e-06
9.180000e+02 1.776546e+04 1.830271e+04 1.852614e+04 2.190016e-06
9.190000e+02 1.791830e+04 1.831639e+04 1.855206e+04 2.296307e-06
9.200000e+02 1.794852e+04 1.833595e+04 1.857793e+04 2.410514e-06
9.210000e+02 1.799577e+04 1.834350e+04 1.860374e+04 2.533436e-06
9.220000e+02 1.794743e+04 1.835695e+04 1.862949e+04 2.665978e-06
9.230000e+02 1.783298e+04 1.837032e+04 1.865518e+04 2.809162e-06
9.240000e+02 1.792385e+04 1.837764e+04 1.868081e+04 2.964150e-06
9.250000e+02 1.788553e+04 1.838490e+04 1.870638e+04 3.132265e-06
9.260000e+02 1.783052e+04 1.839209e+04 1.873189e+04 3.315015e-06
9.270000e+02 1.794964e+04 1.839920e+04 1.875735e+04 3.514133e-06
9.280000e+02 1.811330e+04 1.840029e+04 1.878274e+04 3.731614e-06
9.290000e+02 1.811662e+04 1.840132e+04 1.880808e+04 3.969755e-06
9.300000e+02 1.814182e+04 1.840229e+04 1.883336e+04 4.231228e-06
9.310000e+02 1.802938e+04 1.839728e+04 1.885858e+04 4.519135e-06
9.320000e+02 1.805119e+04 1.839223e+04 1.888374e+04 4.837109e-06
9.330000e+02 1.798796e+04 1.838124e+04 1.890884e+04 5.189414e-06
9.340000e+02 1.801830e+04 1.836436e+04 1.893389e+04 5.581082e-06
9.350000e+02 1.804907e+04 1.834749e+04 1.895887e+04 6.018081e-06
9.360000e+02 1.818038e+04 1.832481e+04 1.898380e+04 6.507521e-06
9.370000e+02 1.817614e+04 1.829637e+04 1.900867e+04 7.057932e-06
9.380000e+02 1.813191e+04 1.825648e+04 1.903348e+04 7.679587e-06
9.390000e+02 1.803905e+04 1.821106e+04 1.905823e+04 8.384946e-06
9.400000e+02 1.803202e+04 1.816023e+04 1.908292e+04 9.190099e-06
9.410000e+02 1.794839e+04 1.809278e+04 1.910755e+04 1.011208e-05
9.420000e+02 1.803959e+04 1.802035e+04 1.913213e+04 1.117468e-05
9.430000e+02 1.798395e+04 1.792646e+04 1.915664e+04 1.240653e-05
9.440000e+02 1.798284e+04 1.781732e+04 1.918110e+04 1.384339e-05
9.450000e+02 1.794785e+04 1.768283e+04 1.920550e+04 1.553024e-05
9.460000e+02 1.798423e+04 1.752952e+04 1.922984e+04 1.752378e-05
9.470000e+02 1.776686e+04 1.734302e+04 1.925412e+04 1.989578e-05
9.480000e+02 1.770046e+04 1.712563e+04 1.927835e+04 2.273695e-05
9.490000e+02 1.753248e+04 1.686049e+04 1.930251e+04 2.616131e-05
9.500000e+02 1.722898e+04 1.654773e+04 1.932661e+04 3.031014e-05
9.510000e+02 1.680898e+04 1.618429e+04 1.935066e+04 3.535324e-05
9.520000e+02 1.634450e+04 1.575652e+04 1.937465e+04 4.148253e-05
9.530000e+02 1.572041e+04 1.526801e+04 1.939858e+04 4.888761e-05
9.540000e+02 1.515524e+04 1.472104e+04 1.942245e+04 5.769456e-05
9.550000e+02 1.457831e+04 1.413807e+04 1.944626e+04 6.784145e-05
9.560000e+02 1.374946e+04 1.355388e+04 1.947001e+04 7.887258e-05
9.570000e+02 1.266655e+04 1.302589e+04 1.949371e+04 8.969838e-05
9.580000e+02 1.174842e+04 1.262960e+04 1.951734e+04 9.852458e-05
9.590000e+02 1.135038e+04 1.243252e+04 1.954092e+04 1.032840e-04
9.600000e+02 1.167926e+04 1.247629e+04 1.956444e+04 1.026258e-04
9.610000e+02 1.234433e+04 1.275697e+04 1.958790e+04 9.677112e-05
9.620000e+02 1.332508e+04 1.321811e+04 1.961130e+04 8.736572e-05
9.630000e+02 1.425143e+04 1.379523e+04 1.963464e+04 7.649157e-05
9.640000e+02 1.501972e+04 1.440947e+04 1.965793e+04 6.578728e-05
9.650000e+02 1.568353e+04 1.501474e+04 1.968115e+04 5.617431e-05
9.660000e+02 1.629246e+04 1.556929e+04 1.970432e+04 4.800416e-05
9.670000e+02 1.666577e+04 1.605635e+04 1.972743e+04 4.130706e-05
9.680000e+02 1.697182e+04 1.646869e+04 1.975048e+04 3.598918e-05
9.690000e+02 1.719779e+04 1.680218e+04 1.977347e+04 3.196546e-05
9.700000e+02 1.736175e+04 1.703659e+04 1.979640e+04 2.927787e-05
9.710000e+02 1.716202e+04 1.713412e+04 1.981927e+04 2.829924e-05
9.720000e+02 1.670966e+04 1.700349e+04 1.984209e+04 3.014644e-05
9.730000e+02 1.607564e+04 1.650050e+04 1.986484e+04 3.682060e-05
9.740000e+02 1.546338e+04 1.567320e+04 1.988754e+04 4.854954e-05
9.750000e+02 1.523350e+04 1.505307e+04 1.991018e+04 5.829415e-05
9.760000e+02 1.568159e+04 1.522585e+04 1.993276e+04 5.583214e-05
9.770000e+02 1.624327e+04 1.615935e+04 1.995528e+04 4.241851e-05
9.780000e+02 1.681895e+04 1.723670e+04 1.997774e+04 2.873735e-05
9.790000e+02 1.743927e+04 1.797226e+04 2.000014e+04 2.040421e-05
9.800000e+02 1.788382e+04 1.834033e+04 2.002249e+04 1.656356e-05
9.810000e+02 1.810863e+04 1.846678e+04 2.004478e+04 1.546303e-05
9.820000e+02 1.817050e+04 1.841450e+04 2.006700e+04 1.624057e-05
9.830000e+02 1.839841e+04 1.826343e+04 2.008917e+04 1.806402e-05
9.840000e+02 1.851934e+04 1.816909e+04 2.011128e+04 1.930833e-05
9.850000e+02 1.862430e+04 1.827617e+04 2.013333e+04 1.837101e-05
9.860000e+02 1.872463e+04 1.857428e+04 2.015533e+04 1.535518e-05
9.870000e+02 1.893452e+04 1.893414e+04 2.017726e+04 1.184058e-05
9.880000e+02 1.904848e+04 1.923455e+04 2.019914e+04 9.071063e-06
9.890000e+02 1.907588e+04 1.943854e+04 2.022095e+04 7.248249e-06
9.900000e+02 1.916479e+04 1.958368e+04 2.024271e+04 6.083688e-06
9.910000e+02 1.924703e+04 1.968636e+04 2.026441e+04 5.297754e-06
9.920000e+02 1.923753e+04 1.977075e+04 2.028605e+04 4.726899e-06
9.930000e+02 1.921673e+04 1.983643e+04 2.030763e+04 4.286067e-06
9.940000e+02 1.930169e+04 1.989592e+04 2.032916e+04 3.929974e-06
9.950000e+02 1.929741e+04 1.994914e+04 2.035062e+04 3.632852e-06
9.960000e+02 1.937113e+04 1.999599e+04 2.037203e+04 3.378983e-06
9.970000e+02 1.949741e+04 2.004291e+04 2.039338e+04 3.158195e-06
9.980000e+02 1.947411e+04 2.008336e+04 2.041466e+04 2.963553e-06
9.990000e+02 1.946468e+04 2.012385e+04 2.043589e+04 2.790127e-06
1.000000e+03 1.941338e+04 2.016435e+04 2.045707e+04 2.634285e-06
1.001000e+03 1.959073e+04 2.019830e+04 2.047818e+04 2.493269e-06
1.002000e+03 1.952089e+04 2.023223e+04 2.049923e+04 2.364931e-06
1.003000e+03 1.960725e+04 2.026615e+04 2.052023e+04 2.247560e-06
1.004000e+03 1.970153e+04 2.030006e+04 2.054117e+04 2.139771e-06
1.005000e+03 1.979580e+04 2.033395e+04 2.056204e+04 2.040422e-06
1.006000e+03 1.987341e+04 2.036118e+04 2.058286e+04 1.948563e-06
1.007000e+03 1.991382e+04 2.039503e+04 2.060362e+04 1.863388e-06
1.008000e+03 1.989541e+04 2.042219e+04 2.062433e+04 1.784213e-06
1.009000e+03 1.981579e+04 2.044931e+04 2.064497e+04 1.710447e-06
1.010000e+03 1.977473e+04 2.047639e+04 2.066555e+04 1.641581e-06
1.011000e+03 1.969175e+04 2.051014e+04 2.068608e+04 1.577168e-06
1.012000e+03 1.972371e+04 2.053715e+04 2.070655e+04 1.516816e-06
1.013000e+03 1.976671e+04 2.056412e+04 2.072696e+04 1.460179e-06
1.014000e+03 1.990843e+04 2.058431e+04 2.074730e+04 1.406952e-06
1.015000e+03 1.987034e+04 2.061120e+04 2.076760e+04 1.356862e-06
1.016000e+03 1.992689e+04 2.063803e+04 2.078783e+04 1.309665e-06
1.017000e+03 2.010398e+04 2.066483e+04 2.080800e+04 1.265140e-06
1.018000e+03 2.000932e+04 2.068481e+04 2.082812e+04 1.223093e-06
1.019000e+03 1.996414e+04 2.071151e+04 2.084818e+04 1.183344e-06
1.020000e+03 2.003314e+04 2.073818e+04 2.086817e+04 1.145733e-06
1.021000e+03 1.999273e+04 2.075799e+04 2.088811e+04 1.110113e-06
1.022000e+03 1.994961e+04 2.078456e+04 2.090799e+04 1.076352e-06
1.023000e+03 1.999318e+04 2.080427e+04 2.092781e+04 1.044329e-06
1.024000e+03 2.015798e+04 2.083074e+04 2.094758e+04 1.013933e-06
1.025000e+03 2.022854e+04 2.085034e+04 2.096728e+04 9.850637e-07
1.026000e+03 2.030836e+04 2.087672e+04 2.098693e+04 9.576275e-07
1.027000e+03 2.017487e+04 2.089621e+04 2.100652e+04 9.315413e-07
1.028000e+03 2.030096e+04 2.092250e+04 2.102604e+04 9.067257e-07
1.029000e+03 2.046939e+04 2.094188e+04 2.104551e+04 8.831102e-07
1.030000e+03 2.048857e+04 2.096807e+04 2.106493e+04 8.606284e-07
1.031000e+03 2.059541e+04 2.098734e+04 2.108428e+04 8.392204e-07
1.032000e+03 2.052535e+04 2.100654e+04 2.110357e+04 8.188302e-07
1.033000e+03 2.040866e+04 2.103260e+04 2.112281e+04 7.994065e-07
1.034000e+03 2.026716e+04 2.105169e+04 2.114198e+04 7.809024e-07
1.035000e+03 2.031570e+04 2.107073e+04 2.116110e+04 7.632744e-07
1.036000e+03 2.050091e+04 2.108971e+04 2.118016e+04 7.464827e-07
1.037000e+03 2.070510e+04 2.111556e+04 2.119916e+04 7.304907e-07
1.038000e+03 2.079827e+04 2.113443e+04 2.121810e+04 7.152651e-07
1.039000e+03 2.085341e+04 2.115324e+04 2.123698e+04 7.007753e-07
1.040000e+03 2.094985e+04 2.117199e+04 2.125581e+04 6.869936e-07
1.041000e+03 2.093729e+04 2.119765e+04 2.127457e+04 6.738949e-07
1.042000e+03 2.083521e+04 2.121629e+04 2.129328e+04 6.614569e-07
1.043000e+03 2.075359e+04 2.123487e+04 2.131193e+04 6.496596e-07
1.044000e+03 2.080018e+04 2.125339e+04 2.133052e+04 6.384856e-07
1.045000e+03 2.081537e+04 2.127185e+04 2.134905e+04 6.279201e-07
1.046000e+03 2.066689e+04 2.129726e+04 2.136752e+04 6.179510e-07
1.047000e+03 2.075052e+04 2.131561e+04 2.138594e+04 6.085690e-07
1.048000e+03 2.088864e+04 2.133391e+04 2.140429e+04 5.997673e-07
1.049000e+03 2.099905e+04 2.135214e+04 2.142259e+04 5.915426e-07
1.050000e+03 2.101868e+04 2.137032e+04 2.144083e+04 5.838955e-07
1.051000e+03 2.102705e+04 2.138844e+04 2.145901e+04 5.768300e-07
1.052000e+03 2.104863e+04 2.140650e+04 2.147713e+04 5.703552e-07
1.053000e+03 2.103446e+04 2.143155e+04 2.149519e+04 5.644860e-07
1.054000e+03 2.106385e+04 2.144950e+04 2.151319e+04 5.592456e-07
1.055000e+03 2.112785e+04 2.146739e+04 2.153113e+04 5.546628e-07
1.056000e+03 2.108202e+04 2.148522e+04 2.154902e+04 5.507821e-07
1.057000e+03 2.127945e+04 2.150300e+04 2.156685e+04 5.476619e-07
1.058000e+03 2.125923e+04 2.152071e+04 2.158462e+04 5.453833e-07
1.059000e+03 2.121844e+04 2.153837e+04 2.160232e+04 5.440583e-07
1.060000e+03 2.136402e+04 2.155597e+04 2.161997e+04 5.438449e-07
1.061000e+03 2.140211e+04 2.157351e+04 2.163757e+04 5.449713e-07
1.062000e+03 2.144339e+04 2.159099e+04 2.165510e+04 5.477781e-07
1.063000e+03 2.150230e+04 2.160841e+04 2.167258e+04 5.527930e-07
1.064000e+03 2.142298e+04 2.162578e+04 2.168999e+04 5.608849e-07
1.065000e+03 2.136529e+04 2.163597e+04 2.170735e+04 5.735916e-07
1.066000e+03 2.141246e+04 2.165321e+04 2.172465e+04 5.939985e-07
1.067000e+03 2.137380e+04 2.166327e+04 2.174189e+04 6.297240e-07
1.068000e+03 2.127416e+04 2.167326e+04 2.175907e+04 7.047574e-07
1.069000e+03 2.127611e+04 2.166896e+04 2.177619e+04 8.993273e-07
1.070000e+03 2.112014e+04 2.162205e+04 2.179326e+04 1.425368e-06
1.071000e+03 2.102044e+04 2.149818e+04 2.181026e+04 2.600097e-06
1.072000e+03 2.111887e+04 2.130701e+04 2.182721e+04 4.417401e-06
1.073000e+03 2.131579e+04 2.113967e+04 2.184410e+04 5.993533e-06
1.074000e+03 2.132532e+04 2.114921e+04 2.186093e+04 6.104236e-06
1.075000e+03 2.157666e+04 2.132882e+04 2.187770e+04 4.660429e-06
1.076000e+03 2.163860e+04 2.156009e+04 2.189441e+04 2.830201e-06
1.077000e+03 2.131634e+04 2.171760e+04 2.191106e+04 1.596921e-06
1.078000e+03 2.141130e+04 2.179821e+04 2.192766e+04 1.057448e-06
1.079000e+03 2.136214e+04 2.182896e+04 2.194419e+04 9.319341e-07
1.080000e+03 2.128009e+04 2.183102e+04 2.196067e+04 1.060878e-06
1.081000e+03 2.150696e+04 2.180444e+04 2.197709e+04 1.439052e-06
1.082000e+03 2.160577e+04 2.174947e+04 2.199345e+04 2.011700e-06
1.083000e+03 2.178588e+04 2.170893e+04 2.200975e+04 2.504098e-06
1.084000e+03 2.193011e+04 2.171789e+04 2.202599e+04 2.570231e-06
1.085000e+03 2.189929e+04 2.178345e+04 2.204218e+04 2.165973e-06
1.086000e+03 2.182657e+04 2.186354e+04 2.205830e+04 1.600930e-06
1.087000e+03 2.188062e+04 2.192967e+04 2.207437e+04 1.182813e-06
1.088000e+03 2.194325e+04 2.197438e+04 2.209038e+04 9.831027e-07
1.089000e+03 2.202891e+04 2.199024e+04 2.210632e+04 9.258760e-07
1.090000e+03 2.209553e+04 2.200605e+04 2.212221e+04 9.335953e-07
1.091000e+03 2.192125e+04 2.202180e+04 2.213805e+04 9.691233e-07
1.092000e+03 2.206546e+04 2.203026e+04 2.215382e+04 1.020439e-06
1.093000e+03 2.209243e+04 2.203866e+04 2.216954e+04 1.084847e-06
1.094000e+03 2.213676e+04 2.203976e+04 2.218519e+04 1.162707e-06
1.095000e+03 2.218464e+04 2.204803e+04 2.220079e+04 1.255721e-06
1.096000e+03 2.216175e+04 2.204901e+04 2.221633e+04 1.366583e-06
1.097000e+03 2.223305e+04 2.204994e+04 2.223181e+04 1.499035e-06
1.098000e+03 2.228273e+04 2.204359e+04 2.224723e+04 1.658092e-06
1.099000e+03 2.232276e+04 2.203720e+04 2.226259e+04 1.850433e-06
1.100000e+03 2.227830e+04 2.202358e+04 2.227789e+04 2.084978e-06
1.101000e+03 2.198718e+04 2.200277e+04 2.229314e+04 2.373691e-06
1.102000e+03 2.187432e+04 2.197482e+04 2.230832e+04 2.732637e-06
1.103000e+03 2.194310e+04 2.193981e+04 2.232345e+04 3.183327e-06
1.104000e+03 2.203510e+04 2.188367e+04 2.233852e+04 3.754039e-06
1.105000e+03 2.188141e+04 2.181377e+04 2.235353e+04 4.480397e-06
1.106000e+03 2.180934e+04 2.171649e+04 2.236848e+04 5.403344e-06
1.107000e+03 2.163735e+04 2.159950e+04 2.238338e+04 6.561049e-06
1.108000e+03 2.145132e+04 2.144991e+04 2.239821e+04 7.970538e-06
1.109000e+03 2.128643e+04 2.128251e+04 2.241299e+04 9.597487e-06
1.110000e+03 2.108518e+04 2.110474e+04 2.242770e+04 1.132256e-05
1.111000e+03 2.082407e+04 2.094298e+04 2.244236e+04 1.292716e-05
1.112000e+03 2.074623e+04 2.082835e+04 2.245696e+04 1.412724e-05
1.113000e+03 2.082382e+04 2.078460e+04 2.247150e+04 1.466251e-05
1.114000e+03 2.098159e+04 2.082341e+04 2.248598e+04 1.440399e-05
1.115000e+03 2.107211e+04 2.094556e+04 2.250041e+04 1.341407e-05
1.116000e+03 2.110084e+04 2.112110e+04 2.251477e+04 1.191697e-05
1.117000e+03 2.117095e+04 2.132594e+04 2.252908e+04 1.020064e-05
1.118000e+03 2.146989e+04 2.152767e+04 2.254333e+04 8.514370e-06
1.119000e+03 2.163348e+04 2.171223e+04 2.255752e+04 7.013689e-06
1.120000e+03 2.177727e+04 2.187170e+04 2.257165e+04 5.760116e-06
1.121000e+03 2.194225e+04 2.200492e+04 2.258572e+04 4.751183e-06
1.122000e+03 2.213487e+04 2.211811e+04 2.259973e+04 3.953574e-06
1.123000e+03 2.220204e+04 2.220346e+04 2.261369e+04 3.325956e-06
1.124000e+03 2.216209e+04 2.228206e+04 2.262758e+04 2.830298e-06
1.125000e+03 2.222089e+04 2.233924e+04 2.264142e+04 2.435628e-06
1.126000e+03 2.238070e+04 2.238927e+04 2.265520e+04 2.118102e-06
1.127000e+03 2.245678e+04 2.243941e+04 2.266892e+04 1.859811e-06
1.128000e+03 2.237221e+04 2.247496e+04 2.268258e+04 1.647401e-06
1.129000e+03 2.230371e+04 2.251051e+04 2.269618e+04 1.470890e-06
1.130000e+03 2.228191e+04 2.254607e+04 2.270972e+04 1.322777e-06
1.131000e+03 2.255063e+04 2.257425e+04 2.272321e+04 1.197361e-06
1.132000e+03 2.265302e+04 2.260241e+04 2.273663e+04 1.090275e-06
1.133000e+03 2.259289e+04 2.262311e+04 2.275000e+04 9.981312e-07
1.134000e+03 2.285305e+04 2.265121e+04 2.276331e+04 9.182814e-07
1.135000e+03 2.299643e+04 2.267184e+04 2.277656e+04 8.486306e-07
1.136000e+03 2.301798e+04 2.269242e+04 2.278975e+04 7.875071e-07
1.137000e+03 2.308495e+04 2.271296e+04 2.280288e+04 7.335664e-07
1.138000e+03 2.285753e+04 2.272598e+04 2.281596e+04 6.857160e-07
1.139000e+03 2.270230e+04 2.274642e+04 2.282897e+04 6.430629e-07
1.140000e+03 2.284001e+04 2.276682e+04 2.284193e+04 6.048717e-07
1.141000e+03 2.306298e+04 2.277967e+04 2.285483e+04 5.705317e-07
1.142000e+03 2.303252e+04 2.279997e+04 2.286767e+04 5.395331e-07
1.143000e+03 2.296355e+04 2.281271e+04 2.288045e+04 5.114475e-07
1.144000e+03 2.290913e+04 2.283290e+04 2.289317e+04 4.859129e-07
1.145000e+03 2.285021e+04 2.284553e+04 2.290583e+04 4.626215e-07
1.146000e+03 2.292773e+04 2.286563e+04 2.291844e+04 4.413105e-07
1.147000e+03 2.292802e+04 2.287814e+04 2.293098e+04 4.217549e-07
1.148000e+03 2.305663e+04 2.289060e+04 2.294347e+04 4.037612e-07
1.149000e+03 2.308402e+04 2.291054e+04 2.295590e+04 3.871622e-07
1.150000e+03 2.303785e+04 2.292289e+04 2.296827e+04 3.718126e-07
1.151000e+03 2.313388e+04 2.293518e+04 2.298058e+04 3.575858e-07
1.152000e+03 2.324657e+04 2.294741e+04 2.299283e+04 3.443704e-07
1.153000e+03 2.320389e+04 2.295958e+04 2.300503e+04 3.320689e-07
1.154000e+03 2.323882e+04 2.297926e+04 2.301716e+04 3.205951e-07
1.155000e+03 2.314996e+04 2.299131e+04 2.302924e+04 3.098728e-07
1.156000e+03 2.312796e+04 2.300331e+04 2.304126e+04 2.998348e-07
1.157000e+03 2.312964e+04 2.301525e+04 2.305321e+04 2.904211e-07
1.158000e+03 2.314257e+04 2.302713e+04 2.306512e+04 2.815781e-07
1.159000e+03 2.302916e+04 2.303895e+04 2.307696e+04 2.732582e-07
1.160000e+03 2.328305e+04 2.305831e+04 2.308874e+04 2.654185e-07
1.161000e+03 2.325009e+04 2.307002e+04 2.310046e+04 2.580207e-07
1.162000e+03 2.338119e+04 2.308167e+04 2.311213e+04 2.510302e-07
1.163000e+03 2.337739e+04 2.309326e+04 2.312374e+04 2.444158e-07
1.164000e+03 2.335579e+04 2.310480e+04 2.313529e+04 2.381492e-07
1.165000e+03 2.328812e+04 2.311627e+04 2.314678e+04 2.322050e-07
1.166000e+03 2.327973e+04 2.312769e+04 2.315821e+04 2.265599e-07
1.167000e+03 2.349205e+04 2.313904e+04 2.316958e+04 2.211928e-07
1.168000e+03 2.353260e+04 2.315034e+04 2.318089e+04 2.160846e-07
1.169000e+03 2.346016e+04 2.316158e+04 2.319215e+04 2.112176e-07
1.170000e+03 2.331616e+04 2.318040e+04 2.320335e+04 2.065760e-07
1.171000e+03 2.328195e+04 2.319153e+04 2.321448e+04 2.021449e-07
1.172000e+03 2.324044e+04 2.320259e+04 2.322556e+04 1.979109e-07
1.173000e+03 2.335961e+04 2.321361e+04 2.323658e+04 1.938607e-07
1.174000e+03 2.347113e+04 2.322455e+04 2.324754e+04 1.899849e-07
1.175000e+03 2.348988e+04 2.323545e+04 2.325845e+04 1.862720e-07
1.176000e+03 2.361795e+04 2.324628e+04 2.326929e+04 1.827123e-07
1.177000e+03 2.354734e+04 2.325706e+04 2.328008e+04 1.792968e-07
1.178000e+03 2.354161e+04 2.326777e+04 2.329080e+04 1.760175e-07
1.179000e+03 2.350844e+04 2.327843e+04 2.330147e+04 1.728664e-07
1.180000e+03 2.363502e+04 2.328903e+04 2.331208e+04 1.698366e-07
1.181000e+03 2.339027e+04 2.329957e+04 2.332263e+04 1.669215e-07
1.182000e+03 2.334657e+04 2.331005e+04 2.333313e+04 1.641150e-07
1.183000e+03 2.324828e+04 2.332047e+04 2.334356e+04 1.614114e-07
1.184000e+03 2.362227e+04 2.333084e+04 2.335393e+04 1.588053e-07
1.185000e+03 2.386098e+04 2.334115e+04 2.336425e+04 1.562919e-07
1.186000e+03 2.386786e+04 2.335139e+04 2.337451e+04 1.538664e-07
1.187000e+03 2.357591e+04 2.336158e+04 2.338471e+04 1.515247e-07
1.188000e+03 2.354727e+04 2.337171e+04 2.339485e+04 1.492626e-07
1.189000e+03 2.358895e+04 2.338949e+04 2.340493e+04 1.470764e-07
1.190000e+03 2.357314e+04 2.339951e+04 2.341495e+04 1.449626e-07
1.191000e+03 2.376719e+04 2.340947e+04 2.342491e+04 1.429178e-07
1.192000e+03 2.365300e+04 2.341937e+04 2.343482e+04 1.409389e-07
1.193000e+03 2.355559e+04 2.342921e+04 2.344467e+04 1.390230e-07
1.194000e+03 2.367007e+04 2.343899e+04 2.345446e+04 1.371674e-07
1.195000e+03 2.365218e+04 2.344871e+04 2.346418e+04 1.353694e-07
1.196000e+03 2.355363e+04 2.345838e+04 2.347386e+04 1.336267e-07
1.197000e+03 2.375686e+04 2.346798e+04 2.348347e+04 1.319369e-07
1.198000e+03 2.390463e+04 2.347753e+04 2.349302e+04 1.302979e-07
1.199000e+03 2.392457e+04 2.348702e+04 2.350252e+04 1.287076e-07
1.200000e+03 2.389537e+04 2.349645e+04 2.351195e+04 1.271641e-07
1.201000e+03 2.392098e+04 2.350582e+04 2.352133e+04 1.256656e-07
1.202000e+03 2.382513e+04 2.351513e+04 2.353065e+04 1.242104e-07
1.203000e+03 2.376880e+04 2.352439e+04 2.353991e+04 1.227969e-07
1.204000e+03 2.365860e+04 2.353358e+04 2.354911e+04 1.214234e-07
1.205000e+03 2.384809e+04 2.354272e+04 2.355825e+04 1.200886e-07
1.206000e+03 2.409598e+04 2.355179e+04 2.356734e+04 1.187910e-07
1.207000e+03 2.401916e+04 2.356081e+04 2.357636e+04 1.175294e-07
1.208000e+03 2.390432e+04 2.356978e+04 2.358533e+04 1.163025e-07
1.209000e+03 2.392919e+04 2.357868e+04 2.359424e+04 1.151092e-07
1.210000e+03 2.395370e+04 2.358752e+04 2.360308e+04 1.139482e-07
1.211000e+03 2.386145e+04 2.359630e+04 2.361188e+04 1.128185e-07
1.212000e+03 2.395164e+04 2.360503e+04 2.362061e+04 1.117193e-07
1.213000e+03 2.387569e+04 2.361370e+04 2.362928e+04 1.106495e-07
1.214000e+03 2.379929e+04 2.362231e+04 2.363789e+04 1.096083e-07
1.215000e+03 2.365596e+04 2.363086e+04 2.364645e+04 1.085947e-07
1.216000e+03 2.352654e+04 2.363935e+04 2.365495e+04 1.076080e-07
1.217000e+03 2.347236e+04 2.364778e+04 2.366339e+04 1.066474e-07
1.218000e+03 2.351255e+04 2.365616e+04 2.367177e+04 1.057123e-07
1.219000e+03 2.351894e+04 2.366447e+04 2.368009e+04 1.048021e-07
1.220000e+03 2.356588e+04 2.367273e+04 2.368835e+04 1.039161e-07
1.221000e+03 2.345745e+04 2.368093e+04 2.369655e+04 1.030536e-07
1.222000e+03 2.359930e+04 2.368907e+04 2.370470e+04 1.022137e-07
1.223000e+03 2.365264e+04 2.369715e+04 2.371279e+04 1.013953e-07
1.224000e+03 2.370913e+04 2.370517e+04 2.372081e+04 1.005974e-07
1.225000e+03 2.359798e+04 2.371314e+04 2.372878e+04 9.981918e-08
1.226000e+03 2.370553e+04 2.372104e+04 2.373669e+04 9.906046e-08
1.227000e+03 2.379825e+04 2.372889e+04 2.374454e+04 9.832129e-08
1.228000e+03 2.390423e+04 2.373668e+04 2.375234e+04 9.760168e-08
1.229000e+03 2.396566e+04 2.374440e+04 2.376007e+04 9.690145e-08
1.230000e+03 2.407957e+04 2.375208e+04 2.376775e+04 9.622018e-08
1.231000e+03 2.398601e+04 2.375969e+04 2.377537e+04 9.555747e-08
1.232000e+03 2.394303e+04 2.376724e+04 2.378292e+04 9.491277e-08
1.233000e+03 2.389969e+04 2.377474e+04 2.379042e+04 9.428572e-08
1.234000e+03 2.399586e+04 2.378217e+04 2.379787e+04 9.367589e-08
1.235000e+03 2.413886e+04 2.378955e+04 2.380525e+04 9.308297e-08
1.236000e+03 2.411588e+04 2.379687e+04 2.381257e+04 9.250658e-08
1.237000e+03 2.419557e+04 2.380413e+04 2.381984e+04 9.194645e-08
1.238000e+03 2.417214e+04 2.381133e+04 2.382704e+04 9.140227e-08
1.239000e+03 2.414143e+04 2.381847e+04 2.383419e+04 9.087378e-08
1.240000e+03 2.418082e+04 2.382556e+04 2.384128e+04 9.036075e-08
1.241000e+03 2.407929e+04 2.383258e+04 2.384831e+04 8.986290e-08
1.242000e+03 2.396484e+04 2.384741e+04 2.385528e+04 8.938005e-08
1.243000e+03 2.384271e+04 2.385432e+04 2.386219e+04 8.891197e-08
1.244000e+03 2.398050e+04 2.386118e+04 2.386905e+04 8.845848e-08
1.245000e+03 2.397727e+04 2.386797e+04 2.387584e+04 8.801942e-08
1.246000e+03 2.417929e+04 2.387470e+04 2.388258e+04 8.759456e-08
1.247000e+03 2.421748e+04 2.388138e+04 2.388926e+04 8.718376e-08
1.248000e+03 2.426764e+04 2.388800e+04 2.389588e+04 8.678695e-08
1.249000e+03 2.448789e+04 2.389456e+04 2.390244e+04 8.640396e-08
1.250000e+03 2.430751e+04 2.390106e+04 2.390894e+04 8.603464e-08
1.251000e+03 2.436455e+04 2.390750e+04 2.391538e+04 8.567895e-08
1.252000e+03 2.426770e+04 2.391388e+04 2.392177e+04 8.533673e-08
1.253000e+03 2.415889e+04 2.392021e+04 2.392810e+04 8.500793e-08
1.254000e+03 2.420766e+04 2.392647e+04 2.393436e+04 8.469247e-08
1.255000e+03 2.422414e+04 2.393268e+04 2.394057e+04 8.439030e-08
1.256000e+03 2.432388e+04 2.393883e+04 2.394672e+04 8.410138e-08
1.257000e+03 2.432551e+04 2.394491e+04 2.395281e+04 8.382568e-08
1.258000e+03 2.443998e+04 2.395095e+04 2.395885e+04 8.356326e-08
1.259000e+03 2.439073e+04 2.395692e+04 2.396482e+04 8.331411e-08
1.260000e+03 2.425395e+04 2.396283e+04 2.397074e+04 8.307838e-08
1.261000e+03 2.418014e+04 2.396869e+04 2.397659e+04 8.285622e-08
1.262000e+03 2.425525e+04 2.397448e+04 2.398239e+04 8.264796e-08
1.263000e+03 2.436055e+04 2.398022e+04 2.398813e+04 8.245382e-08
1.264000e+03 2.434489e+04 2.398590e+04 2.399381e+04 8.227383e-08
1.265000e+03 2.422030e+04 2.399152e+04 2.399943e+04 8.210733e-08
1.266000e+03 2.414505e+04 2.399708e+04 2.400500e+04 8.195304e-08
1.267000e+03 2.411705e+04 2.400258e+04 2.401050e+04 8.180960e-08
1.268000e+03 2.427989e+04 2.400803e+04 2.401595e+04 8.167665e-08
1.269000e+03 2.435663e+04 2.401341e+04 2.402134e+04 8.155513e-08
1.270000e+03 2.427891e+04 2.401874e+04 2.402666e+04 8.144666e-08
1.271000e+03 2.410623e+04 2.402401e+04 2.403193e+04 8.135252e-08
1.272000e+03 2.438602e+04 2.402922e+04 2.403715e+04 8.127327e-08
1.273000e+03 2.436371e+04 2.403437e+04 2.404230e+04 8.120901e-08
1.274000e+03 2.427118e+04 2.403946e+04 2.404739e+04 8.115958e-08
1.275000e+03 2.434934e+04 2.404450e+04 2.405243e+04 8.112493e-08
1.276000e+03 2.429830e+04 2.404947e+04 2.405740e+04 8.110509e-08
1.277000e+03 2.424860e+04 2.405439e+04 2.406232e+04 8.110016e-08
1.278000e+03 2.435091e+04 2.405924e+04 2.406718e+04 8.111031e-08
1.279000e+03 2.433185e+04 2.406404e+04 2.407198e+04 8.113573e-08
1.280000e+03 2.430496e+04 2.406879e+04 2.407672e+04 8.117665e-08
1.281000e+03 2.436005e+04 2.407346e+04 2.408141e+04 8.123337e-08
1.282000e+03 2.443911e+04 2.407809e+04 2.408603e+04 8.130613e-08
1.283000e+03 2.448407e+04 2.408265e+04 2.409060e+04 8.139526e-08
1.284000e+03 2.443476e+04 2.408716e+04 2.409511e+04 8.150110e-08
1.285000e+03 2.439300e+04 2.409161e+04 2.409955e+04 8.162397e-08
1.286000e+03 2.426457e+04 2.409599e+04 2.410394e+04 8.176428e-08
1.287000e+03 2.430902e+04 2.410032e+04 2.410827e+04 8.192243e-08
1.288000e+03 2.440938e+04 2.410460e+04 2.411255e+04 8.209884e-08
1.289000e+03 2.447220e+04 2.410881e+04 2.411676e+04 8.229396e-08
1.290000e+03 2.467828e+04 2.411296e+04 2.412092e+04 8.250828e-08
1.291000e+03 2.431911e+04 2.411705e+04 2.412501e+04 8.274231e-08
1.292000e+03 2.433032e+04 2.412109e+04 2.412905e+04 8.299661e-08
1.293000e+03 2.446353e+04 2.412507e+04 2.413303e+04 8.327174e-08
1.294000e+03 2.451846e+04 2.412899e+04 2.413695e+04 8.356834e-08
1.295000e+03 2.451823e+04 2.413285e+04 2.414081e+04 8.388702e-08
1.296000e+03 2.465014e+04 2.413665e+04 2.414462e+04 8.422850e-08
1.297000e+03 2.474332e+04 2.414039e+04 2.414836e+04 8.459351e-08
1.298000e+03 2.463020e+04 2.414408e+04 2.415204e+04 8.498282e-08
1.299000e+03 2.452657e+04 2.414771e+04 2.415567e+04 8.539724e-08
1.300000e+03 2.443812e+04 2.415127e+04 2.415924e+04 8.583765e-08
1.301000e+03 2.439702e+04 2.415478e+04 2.416275e+04 8.630498e-08
1.302000e+03 2.414319e+04 2.415823e+04 2.416620e+04 8.680021e-08
1.303000e+03 2.439950e+04 2.416162e+04 2.416959e+04 8.732438e-08
1.304000e+03 2.460666e+04 2.416496e+04 2.417293e+04 8.787861e-08
1.305000e+03 2.450577e+04 2.416823e+04 2.417620e+04 8.846403e-08
1.306000e+03 2.448823e+04 2.417144e+04 2.417942e+04 8.908194e-08
1.307000e+03 2.447279e+04 2.416663e+04 2.418258e+04 8.973362e-08
1.308000e+03 2.444398e+04 2.416973e+04 2.418567e+04 9.042053e-08
1.309000e+03 2.432577e+04 2.417277e+04 2.418871e+04 9.114412e-08
1.310000e+03 2.426569e+04 2.417574e+04 2.419170e+04 9.190601e-08
1.311000e+03 2.430079e+04 2.417867e+04 2.419462e+04 9.270790e-08
1.312000e+03 2.435957e+04 2.418153e+04 2.419748e+04 9.355160e-08
1.313000e+03 2.429841e+04 2.418433e+04 2.420029e+04 9.443902e-08
1.314000e+03 2.446407e+04 2.418708e+04 2.420304e+04 9.537224e-08
1.315000e+03 2.452734e+04 2.418976e+04 2.420572e+04 9.635349e-08
1.316000e+03 2.456068e+04 2.419239e+04 2.420835e+04 9.738507e-08
1.317000e+03 2.478746e+04 2.419496e+04 2.421093e+04 9.846951e-08
1.318000e+03 2.468060e+04 2.419747e+04 2.421344e+04 9.960951e-08
1.319000e+03 2.465102e+04 2.419992e+04 2.421589e+04 1.008079e-07
1.320000e+03 2.451048e+04 2.420232e+04 2.421829e+04 1.020679e-07
1.321000e+03 2.453412e+04 2.420465e+04 2.422062e+04 1.033926e-07
1.322000e+03 2.457364e+04 2.420693e+04 2.422290e+04 1.047858e-07
1.323000e+03 2.447032e+04 2.420914e+04 2.422512e+04 1.062512e-07
1.324000e+03 2.451052e+04 2.421130e+04 2.422728e+04 1.077928e-07
1.325000e+03 2.447705e+04 2.421340e+04 2.422938e+04 1.094152e-07
1.326000e+03 2.433405e+04 2.421544e+04 2.423142e+04 1.111231e-07
1.327000e+03 2.428818e+04 2.421743e+04 2.423341e+04 1.129217e-07
1.328000e+03 2.433827e+04 2.421935e+04 2.423533e+04 1.148164e-07
1.329000e+03 2.440448e+04 2.422122e+04 2.423720e+04 1.168134e-07
1.330000e+03 2.462611e+04 2.422302e+04 2.423901e+04 1.189191e-07
1.331000e+03 2.463021e+04 2.422477e+04 2.424076e+04 1.211406e-07
1.332000e+03 2.463127e+04 2.422646e+04 2.424245e+04 1.234855e-07
1.333000e+03 2.451525e+04 2.422809e+04 2.424408e+04 1.259621e-07
1.334000e+03 2.436257e+04 2.422966e+04 2.424565e+04 1.285796e-07
1.335000e+03 2.437998e+04 2.423118e+04 2.424717e+04 1.313478e-07
1.336000e+03 2.434282e+04 2.423263e+04 2.424862e+04 1.342775e-07
1.337000e+03 2.440500e+04 2.423403e+04 2.425002e+04 1.373805e-07
1.338000e+03 2.431857e+04 2.423537e+04 2.425136e+04 1.406695e-07
1.339000e+03 2.448751e+04 2.423665e+04 2.425264e+04 1.441590e-07
1.340000e+03 2.469030e+04 2.423787e+04 2.425386e+04 1.478643e-07
1.341000e+03 2.476919e+04 2.423104e+04 2.425502e+04 1.518026e-07
1.342000e+03 2.465404e+04 2.423214e+04 2.425613e+04 1.559927e-07
1.343000e+03 2.464473e+04 2.423319e+04 2.425717e+04 1.604566e-07
1.344000e+03 2.454655e+04 2.423417e+04 2.425816e+04 1.652153e-07
1.345000e+03 2.451514e+04 2.423510e+04 2.425909e+04 1.702955e-07
1.346000e+03 2.453478e+04 2.423597e+04 2.425996e+04 1.757255e-07
1.347000e+03 2.437811e+04 2.423678e+04 2.426077e+04 1.815371e-07
1.348000e+03 2.432821e+04 2.423753e+04 2.426152e+04 1.877657e-07
1.349000e+03 2.447630e+04 2.423822e+04 2.426221e+04 1.944510e-07
1.350000e+03 2.448503e+04 2.423885e+04 2.426285e+04 2.016375e-07
1.351000e+03 2.452482e+04 2.423145e+04 2.426342e+04 2.093753e-07
1.352000e+03 2.431329e+04 2.423196e+04 2.426394e+04 2.177211e-07
1.353000e+03 2.436791e+04 2.423242e+04 2.426440e+04 2.267389e-07
1.354000e+03 2.436150e+04 2.423282e+04 2.426480e+04 2.365016e-07
1.355000e+03 2.454078e+04 2.423316e+04 2.426514e+04 2.470920e-07
1.356000e+03 2.449179e+04 2.423344e+04 2.426542e+04 2.586050e-07
1.357000e+03 2.451989e+04 2.422568e+04 2.426564e+04 2.711496e-07
1.358000e+03 2.444452e+04 2.422585e+04 2.426581e+04 2.848512e-07
1.359000e+03 2.429434e+04 2.422595e+04 2.426592e+04 2.998549e-07
1.360000e+03 2.423682e+04 2.422600e+04 2.426596e+04 3.163295e-07
1.361000e+03 2.409289e+04 2.421801e+04 2.426595e+04 3.344718e-07
1.362000e+03 2.422073e+04 2.421794e+04 2.426588e+04 3.545131e-07
1.363000e+03 2.441929e+04 2.421781e+04 2.426576e+04 3.767257e-07
1.364000e+03 2.458182e+04 2.420966e+04 2.426557e+04 4.014328e-07
1.365000e+03 2.475014e+04 2.420941e+04 2.426532e+04 4.290197e-07
1.366000e+03 2.472279e+04 2.420114e+04 2.426502e+04 4.599493e-07
1.367000e+03 2.456639e+04 2.420078e+04 2.426466e+04 4.947810e-07
1.368000e+03 2.463385e+04 2.419240e+04 2.426423e+04 5.341961e-07
1.369000e+03 2.452975e+04 2.418396e+04 2.426375e+04 5.790305e-07
1.370000e+03 2.439369e+04 2.417548e+04 2.426321e+04 6.303192e-07
1.371000e+03 2.442130e+04 2.416694e+04 2.426262e+04 6.893558e-07
1.372000e+03 2.435682e+04 2.415834e+04 2.426196e+04 7.577722e-07
1.373000e+03 2.420566e+04 2.414970e+04 2.426125e+04 8.376515e-07
1.374000e+03 2.415770e+04 2.413308e+04 2.426047e+04 9.316835e-07
1.375000e+03 2.442589e+04 2.411642e+04 2.425964e+04 1.043388e-06
1.376000e+03 2.449409e+04 2.409973e+04 2.425875e+04 1.177437e-06
1.377000e+03 2.465510e+04 2.408300e+04 2.425780e+04 1.340129e-06
1.378000e+03 2.437612e+04 2.405049e+04 2.425679e+04 1.540105e-06
1.379000e+03 2.415478e+04 2.401800e+04 2.425572e+04 1.789444e-06
1.380000e+03 2.396630e+04 2.397772e+04 2.425460e+04 2.105328e-06
1.381000e+03 2.395098e+04 2.392193e+04 2.425341e+04 2.512755e-06
1.382000e+03 2.391514e+04 2.385085e+04 2.425217e+04 3.048664e-06
1.383000e+03 2.379411e+04 2.375707e+04 2.425087e+04 3.768247e-06
1.384000e+03 2.338041e+04 2.362593e+04 2.424951e+04 4.753319e-06
1.385000e+03 2.311091e+04 2.345117e+04 2.424809e+04 6.119330e-06
1.386000e+03 2.270580e+04 2.322005e+04 2.424661e+04 8.007536e-06
1.387000e+03 2.225527e+04 2.290736e+04 2.424507e+04 1.053113e-05
1.388000e+03 2.196682e+04 2.254049e+04 2.424348e+04 1.363978e-05
1.389000e+03 2.199270e+04 2.216500e+04 2.424182e+04 1.693322e-05
1.390000e+03 2.203786e+04 2.186660e+04 2.424011e+04 1.960503e-05
1.391000e+03 2.195823e+04 2.174206e+04 2.423834e+04 2.074189e-05
1.392000e+03 2.209507e+04 2.183087e+04 2.423651e+04 1.989112e-05
1.393000e+03 2.230377e+04 2.210507e+04 2.423462e+04 1.739501e-05
1.394000e+03 2.245228e+04 2.247529e+04 2.423268e+04 1.413527e-05
1.395000e+03 2.275332e+04 2.284391e+04 2.423067e+04 1.096325e-05
1.396000e+03 2.298682e+04 2.315891e+04 2.422861e+04 8.342893e-06
1.397000e+03 2.342582e+04 2.340040e+04 2.422648e+04 6.365233e-06
1.398000e+03 2.392612e+04 2.357863e+04 2.422430e+04 4.930699e-06
1.399000e+03 2.403230e+04 2.371352e+04 2.422206e+04 3.897127e-06
1.400000e+03 2.405116e+04 2.380353e+04 2.421976e+04 3.144050e-06
1.401000e+03 2.392809e+04 2.387864e+04 2.421740e+04 2.584948e-06
1.402000e+03 2.397751e+04 2.393075e+04 2.421498e+04 2.161221e-06
1.403000e+03 2.408788e+04 2.396738e+04 2.421251e+04 1.833659e-06
1.404000e+03 2.423601e+04 2.400407e+04 2.420998e+04 1.575802e-06
1.405000e+03 2.402730e+04 2.402507e+04 2.420738e+04 1.369496e-06
1.406000e+03 2.390844e+04 2.404607e+04 2.420473e+04 1.202026e-06
1.407000e+03 2.406279e+04 2.405914e+04 2.420202e+04 1.064322e-06
1.408000e+03 2.433534e+04 2.407218e+04 2.419925e+04 9.497879e-07
1.409000e+03 2.427543e+04 2.408518e+04 2.419643e+04 8.535437e-07
1.410000e+03 2.429554e+04 2.409021e+04 2.419354e+04 7.719217e-07
1.411000e+03 2.434801e+04 2.409520e+04 2.419059e+04 7.021246e-07
1.412000e+03 2.432630e+04 2.410013e+04 2.418759e+04 6.419903e-07
1.413000e+03 2.422627e+04 2.410500e+04 2.418453e+04 5.898277e-07
1.414000e+03 2.434028e+04 2.410982e+04 2.418141e+04 5.442991e-07
1.415000e+03 2.414523e+04 2.411458e+04 2.417823e+04 5.043354e-07
1.416000e+03 2.404563e+04 2.411135e+04 2.417499e+04 4.690746e-07
1.417000e+03 2.427609e+04 2.411600e+04 2.417169e+04 4.378147e-07
1.418000e+03 2.429371e+04 2.411265e+04 2.416834e+04 4.099804e-07
1.419000e+03 2.408121e+04 2.411718e+04 2.416492e+04 3.850963e-07
1.420000e+03 2.417630e+04 2.411372e+04 2.416145e+04 3.627669e-07
1.421000e+03 2.420959e+04 2.411019e+04 2.415792e+04 3.426609e-07
1.422000e+03 2.425004e+04 2.411455e+04 2.415433e+04 3.244996e-07
1.423000e+03 2.426132e+04 2.411091e+04 2.415068e+04 3.080467e-07
1.424000e+03 2.406404e+04 2.410721e+04 2.414697e+04 2.931011e-07
1.425000e+03 2.414641e+04 2.410345e+04 2.414321e+04 2.794910e-07
1.426000e+03 2.432732e+04 2.410757e+04 2.413938e+04 2.670685e-07
1.427000e+03 2.428963e+04 2.410369e+04 2.413550e+04 2.557060e-07
1.428000e+03 2.402023e+04 2.409975e+04 2.413156e+04 2.452933e-07
1.429000e+03 2.397423e+04 2.409576e+04 2.412755e+04 2.357343e-07
1.430000e+03 2.426457e+04 2.409170e+04 2.412350e+04 2.269453e-07
1.431000e+03 2.430212e+04 2.408759e+04 2.411938e+04 2.188530e-07
1.432000e+03 2.439786e+04 2.408342e+04 2.411520e+04 2.113932e-07
1.433000e+03 2.422730e+04 2.408712e+04 2.411096e+04 2.045095e-07
1.434000e+03 2.418339e+04 2.408283e+04 2.410667e+04 1.981520e-07
1.435000e+03 2.424411e+04 2.407848e+04 2.410232e+04 1.922768e-07
1.436000e+03 2.414982e+04 2.407408e+04 2.409791e+04 1.868451e-07
1.437000e+03 2.429979e+04 2.406961e+04 2.409344e+04 1.818223e-07
1.438000e+03 2.409439e+04 2.406509e+04 2.408891e+04 1.771783e-07
1.439000e+03 2.396330e+04 2.406050e+04 2.408432e+04 1.728860e-07
1.440000e+03 2.411420e+04 2.405586e+04 2.407967e+04 1.689208e-07
1.441000e+03 2.413218e+04 2.405116e+04 2.407497e+04 1.652636e-07
1.442000e+03 2.422844e+04 2.404640e+04 2.407020e+04 1.618950e-07
1.443000e+03 2.427929e+04 2.404158e+04 2.406538e+04 1.587990e-07
1.444000e+03 2.437786e+04 2.403671e+04 2.406050e+04 1.559615e-07
1.445000e+03 2.432489e+04 2.403177e+04 2.405556e+04 1.533707e-07
1.446000e+03 2.415321e+04 2.402678e+04 2.405056e+04 1.510166e-07
1.447000e+03 2.408807e+04 2.402965e+04 2.404550e+04 1.488911e-07
1.448000e+03 2.410650e+04 2.402454e+04 2.404039e+04 1.469876e-07
1.449000e+03 2.414514e+04 2.401937e+04 2.403521e+04 1.453017e-07
1.450000e+03 2.400621e+04 2.401413e+04 2.402998e+04 1.438306e-07
1.451000e+03 2.379482e+04 2.400885e+04 2.402469e+04 1.425732e-07
1.452000e+03 2.380996e+04 2.400350e+04 2.401934e+04 1.415307e-07
1.453000e+03 2.396462e+04 2.399810e+04 2.401393e+04 1.407062e-07
1.454000e+03 2.400414e+04 2.399263e+04 2.400846e+04 1.401054e-07
1.455000e+03 2.409519e+04 2.398711e+04 2.400294e+04 1.397364e-07
1.456000e+03 2.412395e+04 2.398153e+04 2.399735e+04 1.396105e-07
1.457000e+03 2.416196e+04 2.397588e+04 2.399171e+04 1.397423e-07
1.458000e+03 2.408159e+04 2.397019e+04 2.398600e+04 1.401509e-07
1.459000e+03 2.404966e+04 2.396443e+04 2.398024e+04 1.408600e-07
1.460000e+03 2.408446e+04 2.395861e+04 2.397442e+04 1.418996e-07
1.461000e+03 2.401214e+04 2.395274e+04 2.396854e+04 1.433071e-07
1.462000e+03 2.385718e+04 2.394680e+04 2.396261e+04 1.451289e-07
1.463000e+03 2.374730e+04 2.394081e+04 2.395661e+04 1.474232e-07
1.464000e+03 2.382809e+04 2.392687e+04 2.395055e+04 1.502628e-07
1.465000e+03 2.395345e+04 2.392076e+04 2.394444e+04 1.537396e-07
1.466000e+03 2.399755e+04 2.391460e+04 2.393827e+04 1.579703e-07
1.467000e+03 2.389150e+04 2.390838e+04 2.393204e+04 1.631045e-07
1.468000e+03 2.385580e+04 2.390209e+04 2.392575e+04 1.693355e-07
1.469000e+03 2.387300e+04 2.389575e+04 2.391940e+04 1.769167e-07
1.470000e+03 2.376141e+04 2.388935e+04 2.391300e+04 1.861844e-07
1.471000e+03 2.377468e+04 2.388289e+04 2.390653e+04 1.975910e-07
1.472000e+03 2.374969e+04 2.386851e+04 2.390001e+04 2.117565e-07
1.473000e+03 2.355566e+04 2.386193e+04 2.389342e+04 2.295448e-07
1.474000e+03 2.370443e+04 2.385530e+04 2.388678e+04 2.521845e-07
1.475000e+03 2.375827e+04 2.384075e+04 2.388008e+04 2.814585e-07
1.476000e+03 2.395369e+04 2.383401e+04 2.387332e+04 3.200072e-07
1.477000e+03 2.394157e+04 2.381935e+04 2.386651e+04 3.718078e-07
1.478000e+03 2.371702e+04 2.380465e+04 2.385963e+04 4.428752e-07
1.479000e+03 2.392914e+04 2.378208e+04 2.385270e+04 5.420902e-07
1.480000e+03 2.395882e+04 2.375948e+04 2.384570e+04 6.814283e-07
1.481000e+03 2.383102e+04 2.372126e+04 2.383865e+04 8.733123e-07
1.482000e+03 2.385639e+04 2.368308e+04 2.383154e+04 1.121113e-06
1.483000e+03 2.370937e+04 2.363721e+04 2.382437e+04 1.401676e-06
1.484000e+03 2.358105e+04 2.359913e+04 2.381714e+04 1.652223e-06
1.485000e+03 2.345457e+04 2.357650e+04 2.380985e+04 1.787084e-06
1.486000e+03 2.356489e+04 2.357693e+04 2.380251e+04 1.749740e-06
1.487000e+03 2.357798e+04 2.359272e+04 2.379510e+04 1.556535e-06
1.488000e+03 2.360363e+04 2.361623e+04 2.378764e+04 1.283448e-06
1.489000e+03 2.365525e+04 2.364749e+04 2.378012e+04 1.011318e-06
1.490000e+03 2.381643e+04 2.367101e+04 2.377254e+04 7.860862e-07
1.491000e+03 2.370457e+04 2.368675e+04 2.376490e+04 6.174515e-07
1.492000e+03 2.354878e+04 2.369466e+04 2.375720e+04 4.965088e-07
1.493000e+03 2.357630e+04 2.369472e+04 2.374945e+04 4.103585e-07
1.494000e+03 2.365857e+04 2.369472e+04 2.374163e+04 3.482390e-07
1.495000e+03 2.354004e+04 2.369467e+04 2.373376e+04 3.025595e-07
1.496000e+03 2.354932e+04 2.368675e+04 2.372583e+04 2.682567e-07
1.497000e+03 2.350911e+04 2.368658e+04 2.371783e+04 2.419841e-07
1.498000e+03 2.358895e+04 2.367854e+04 2.370979e+04 2.215048e-07
1.499000e+03 2.357270e+04 2.367824e+04 2.370168e+04 2.052965e-07
1.500000e+03 2.365337e+04 2.367008e+04 2.369351e+04 1.923001e-07
1.501000e+03 2.354873e+04 2.366186e+04 2.368529e+04 1.817640e-07
1.502000e+03 2.356030e+04 2.365359e+04 2.367700e+04 1.731448e-07
1.503000e+03 2.356389e+04 2.364525e+04 2.366866e+04 1.660421e-07
1.504000e+03 2.352303e+04 2.363686e+04 2.366026e+04 1.601563e-07
1.505000e+03 2.338895e+04 2.362841e+04 2.365179e+04 1.552596e-07
1.506000e+03 2.338034e+04 2.361990e+04 2.364328e+04 1.511769e-07
1.507000e+03 2.349927e+04 2.361911e+04 2.363470e+04 1.477717e-07
1.508000e+03 2.345785e+04 2.361048e+04 2.362606e+04 1.449365e-07
1.509000e+03 2.353096e+04 2.360179e+04 2.361737e+04 1.425857e-07
1.510000e+03 2.346038e+04 2.359304e+04 2.360861e+04 1.406509e-07
1.511000e+03 2.345546e+04 2.358424e+04 2.359980e+04 1.390764e-07
1.512000e+03 2.348491e+04 2.357537e+04 2.359093e+04 1.378173e-07
1.513000e+03 2.351359e+04 2.356645e+04 2.358200e+04 1.368363e-07
1.514000e+03 2.344066e+04 2.355747e+04 2.357301e+04 1.361034e-07
1.515000e+03 2.343679e+04 2.354842e+04 2.356396e+04 1.355931e-07
1.516000e+03 2.323132e+04 2.353933e+04 2.355486e+04 1.352847e-07
1.517000e+03 2.329766e+04 2.353017e+04 2.354569e+04 1.351609e-07
1.518000e+03 2.332821e+04 2.352095e+04 2.353647e+04 1.352073e-07
1.519000e+03 2.335561e+04 2.351167e+04 2.352719e+04 1.354121e-07
1.520000e+03 2.333735e+04 2.350234e+04 2.351785e+04 1.357654e-07
1.521000e+03 2.330480e+04 2.349295e+04 2.350845e+04 1.362592e-07
1.522000e+03 2.340130e+04 2.348349e+04 2.349899e+04 1.368869e-07
1.523000e+03 2.337211e+04 2.347399e+04 2.348947e+04 1.376433e-07
1.524000e+03 2.337557e+04 2.346442e+04 2.347990e+04 1.385244e-07
1.525000e+03 2.327941e+04 2.345479e+04 2.347027e+04 1.395271e-07
1.526000e+03 2.322537e+04 2.344510e+04 2.346057e+04 1.406497e-07
1.527000e+03 2.318596e+04 2.343536e+04 2.345082e+04 1.418905e-07
1.528000e+03 2.335185e+04 2.342555e+04 2.344101e+04 1.432493e-07
1.529000e+03 2.324464e+04 2.341569e+04 2.343114e+04 1.447266e-07
1.530000e+03 2.322325e+04 2.340577e+04 2.342121e+04 1.463233e-07
1.531000e+03 2.314280e+04 2.339579e+04 2.341123e+04 1.480414e-07
1.532000e+03 2.317021e+04 2.337804e+04 2.340118e+04 1.498832e-07
1.533000e+03 2.335954e+04 2.336795e+04 2.339108e+04 1.518524e-07
1.534000e+03 2.344091e+04 2.335780e+04 2.338092e+04 1.539528e-07
1.535000e+03 2.339907e+04 2.334759e+04 2.337070e+04 1.561892e-07
1.536000e+03 2.328691e+04 2.333732e+04 2.336042e+04 1.585675e-07
1.537000e+03 2.323543e+04 2.332699e+04 2.335008e+04 1.610943e-07
1.538000e+03 2.320303e+04 2.331660e+04 2.333968e+04 1.637773e-07
1.539000e+03 2.325971e+04 2.330616e+04 2.332923e+04 1.666253e-07
1.540000e+03 2.323089e+04 2.329566e+04 2.331871e+04 1.696484e-07
1.541000e+03 2.327478e+04 2.328509e+04 2.330814e+04 1.728581e-07
1.542000e+03 2.329646e+04 2.327447e+04 2.329751e+04 1.762676e-07
1.543000e+03 2.340011e+04 2.326379e+04 2.328682e+04 1.798920e-07
1.544000e+03 2.331555e+04 2.325306e+04 2.327607e+04 1.837485e-07
1.545000e+03 2.307298e+04 2.324226e+04 2.326526e+04 1.878570e-07
1.546000e+03 2.289321e+04 2.323140e+04 2.325440e+04 1.922404e-07
1.547000e+03 2.287421e+04 2.322049e+04 2.324347e+04 1.969250e-07
1.548000e+03 2.289957e+04 2.320952e+04 2.323249e+04 2.019418e-07
1.549000e+03 2.278741e+04 2.319848e+04 2.322145e+04 2.073265e-07
1.550000e+03 2.287686e+04 2.317976e+04 2.321035e+04 2.131214e-07
1.551000e+03 2.280057e+04 2.316861e+04 2.319919e+04 2.193764e-07
1.552000e+03 2.289139e+04 2.315741e+04 2.318797e+04 2.261509e-07
1.553000e+03 2.297684e+04 2.314615e+04 2.317669e+04 2.335160e-07
1.554000e+03 2.287811e+04 2.313483e+04 2.316536e+04 2.415577e-07
1.555000e+03 2.283636e+04 2.312345e+04 2.315396e+04 2.503810e-07
1.556000e+03 2.296746e+04 2.311201e+04 2.314251e+04 2.601151e-07
1.557000e+03 2.294689e+04 2.309290e+04 2.313100e+04 2.709206e-07
1.558000e+03 2.297921e+04 2.308135e+04 2.311943e+04 2.829995e-07
1.559000e+03 2.282068e+04 2.306974e+04 2.310780e+04 2.966091e-07
1.560000e+03 2.274836e+04 2.305807e+04 2.309611e+04 3.120820e-07
1.561000e+03 2.302860e+04 2.303876e+04 2.308437e+04 3.298537e-07
1.562000e+03 2.310420e+04 2.302698e+04 2.307256e+04 3.505053e-07
1.563000e+03 2.303246e+04 2.301513e+04 2.306070e+04 3.748257e-07
1.564000e+03 2.290741e+04 2.299566e+04 2.304877e+04 4.039107e-07
1.565000e+03 2.299876e+04 2.298371e+04 2.303679e+04 4.393149e-07
1.566000e+03 2.300895e+04 2.296414e+04 2.302475e+04 4.833100e-07
1.567000e+03 2.281814e+04 2.294453e+04 2.301265e+04 5.393175e-07
1.568000e+03 2.281116e+04 2.292486e+04 2.300050e+04 6.126708e-07
1.569000e+03 2.278212e+04 2.289763e+04 2.298828e+04 7.119942e-07
1.570000e+03 2.281966e+04 2.287037e+04 2.297601e+04 8.517018e-07
1.571000e+03 2.273705e+04 2.282811e+04 2.296367e+04 1.056162e-06
1.572000e+03 2.267020e+04 2.277844e+04 2.295128e+04 1.364777e-06
1.573000e+03 2.267201e+04 2.270660e+04 2.293883e+04 1.831422e-06
1.574000e+03 2.260627e+04 2.261298e+04 2.292632e+04 2.500393e-06
1.575000e+03 2.240979e+04 2.249809e+04 2.291376e+04 3.341259e-06
1.576000e+03 2.231846e+04 2.238417e+04 2.290113e+04 4.174256e-06
1.577000e+03 2.250198e+04 2.230703e+04 2.288844e+04 4.695038e-06
1.578000e+03 2.258982e+04 2.230178e+04 2.287570e+04 4.662417e-06
1.579000e+03 2.250864e+04 2.235402e+04 2.286290e+04 4.097860e-06
1.580000e+03 2.252130e+04 2.244279e+04 2.285004e+04 3.266522e-06
1.581000e+03 2.236621e+04 2.253233e+04 2.283712e+04 2.463211e-06
1.582000e+03 2.234480e+04 2.259306e+04 2.282414e+04 1.844236e-06
1.583000e+03 2.239164e+04 2.263190e+04 2.281110e+04 1.424187e-06
1.584000e+03 2.233266e+04 2.265598e+04 2.279801e+04 1.154474e-06
1.585000e+03 2.245116e+04 2.266521e+04 2.278485e+04 9.827017e-07
1.586000e+03 2.245868e+04 2.265950e+04 2.277164e+04 8.719283e-07
1.587000e+03 2.265182e+04 2.266117e+04 2.275837e+04 7.996088e-07
1.588000e+03 2.259678e+04 2.264790e+04 2.274504e+04 7.524600e-07
1.589000e+03 2.256757e+04 2.264200e+04 2.273164e+04 7.225434e-07
1.590000e+03 2.258513e+04 2.262861e+04 2.271820e+04 7.049676e-07
1.591000e+03 2.269071e+04 2.261516e+04 2.270469e+04 6.966266e-07
1.592000e+03 2.250537e+04 2.260164e+04 2.269113e+04 6.954931e-07
1.593000e+03 2.234721e+04 2.258807e+04 2.267750e+04 7.002250e-07
1.594000e+03 2.230439e+04 2.257445e+04 2.266382e+04 7.099255e-07
1.595000e+03 2.242605e+04 2.256076e+04 2.265008e+04 7.240026e-07
1.596000e+03 2.252698e+04 2.254701e+04 2.263628e+04 7.420794e-07
1.597000e+03 2.249927e+04 2.252580e+04 2.262242e+04 7.639368e-07
1.598000e+03 2.242802e+04 2.251195e+04 2.260850e+04 7.894782e-07
1.599000e+03 2.250164e+04 2.249064e+04 2.259453e+04 8.187054e-07
1.600000e+03 2.247519e+04 2.247667e+04 2.258049e+04 8.517047e-07
1.601000e+03 2.232052e+04 2.245527e+04 2.256640e+04 8.886383e-07
1.602000e+03 2.235002e+04 2.243382e+04 2.255225e+04 9.297422e-07
1.603000e+03 2.227473e+04 2.241969e+04 2.253804e+04 9.753244e-07
1.604000e+03 2.224404e+04 2.239814e+04 2.252377e+04 1.025771e-06
1.605000e+03 2.217401e+04 2.237655e+04 2.250944e+04 1.081640e-06
1.606000e+03 2.210641e+04 2.235492e+04 2.249505e+04 1.143326e-06
1.607000e+03 2.216055e+04 2.233324e+04 2.248061e+04 1.211577e-06
1.608000e+03 2.216150e+04 2.230421e+04 2.246610e+04 1.287188e-06
1.609000e+03 2.235102e+04 2.228246e+04 2.245154e+04 1.371096e-06
1.610000e+03 2.219007e+04 2.225337e+04 2.243692e+04 1.464417e-06
1.611000e+03 2.213652e+04 2.223153e+04 2.242224e+04 1.568472e-06
1.612000e+03 2.212777e+04 2.220239e+04 2.240750e+04 1.684839e-06
1.613000e+03 2.181079e+04 2.217324e+04 2.239270e+04 1.815406e-06
1.614000e+03 2.190185e+04 2.213683e+04 2.237784e+04 1.962443e-06
1.615000e+03 2.191337e+04 2.210044e+04 2.236293e+04 2.128700e-06
1.616000e+03 2.193553e+04 2.206405e+04 2.234796e+04 2.317518e-06
1.617000e+03 2.196779e+04 2.202769e+04 2.233292e+04 2.532995e-06
1.618000e+03 2.202735e+04 2.197705e+04 2.231783e+04 2.780183e-06
1.619000e+03 2.195505e+04 2.193363e+04 2.230268e+04 3.065361e-06
1.620000e+03 2.188614e+04 2.187608e+04 2.228747e+04 3.396393e-06
1.621000e+03 2.187303e+04 2.181870e+04 2.227221e+04 3.783215e-06
1.622000e+03 2.208805e+04 2.174746e+04 2.225688e+04 4.238475e-06
1.623000e+03 2.193351e+04 2.166955e+04 2.224150e+04 4.778425e-06
1.624000e+03 2.168882e+04 2.157821e+04 2.222605e+04 5.424111e-06
1.625000e+03 2.148343e+04 2.147374e+04 2.221055e+04 6.203006e-06
1.626000e+03 2.141830e+04 2.134974e+04 2.219499e+04 7.151198e-06
1.627000e+03 2.121751e+04 2.120015e+04 2.217938e+04 8.316261e-06
1.628000e+03 2.107401e+04 2.102603e+04 2.216370e+04 9.760832e-06
1.629000e+03 2.085055e+04 2.081565e+04 2.214796e+04 1.156650e-05
1.630000e+03 2.072012e+04 2.055856e+04 2.213217e+04 1.383662e-05
1.631000e+03 2.042380e+04 2.024601e+04 2.211631e+04 1.669380e-05
1.632000e+03 1.998930e+04 1.987135e+04 2.210040e+04 2.026220e-05
1.633000e+03 1.947612e+04 1.943609e+04 2.208443e+04 2.461389e-05
1.634000e+03 1.891446e+04 1.895956e+04 2.206840e+04 2.964843e-05
1.635000e+03 1.843359e+04 1.848467e+04 2.205231e+04 3.489511e-05
1.636000e+03 1.792561e+04 1.809580e+04 2.203616e+04 3.935096e-05
1.637000e+03 1.780638e+04 1.789343e+04 2.201996e+04 4.168266e-05
1.638000e+03 1.792278e+04 1.793310e+04 2.200369e+04 4.099915e-05
1.639000e+03 1.822811e+04 1.820369e+04 2.198737e+04 3.757569e-05
1.640000e+03 1.873471e+04 1.861209e+04 2.197099e+04 3.261544e-05
1.641000e+03 1.915554e+04 1.906711e+04 2.195455e+04 2.737053e-05
1.642000e+03 1.959076e+04 1.949977e+04 2.193805e+04 2.260408e-05
1.643000e+03 1.998125e+04 1.987557e+04 2.192149e+04 1.859707e-05
1.644000e+03 2.025823e+04 2.018658e+04 2.190488e+04 1.535390e-05
1.645000e+03 2.028598e+04 2.044472e+04 2.188820e+04 1.276952e-05
1.646000e+03 2.055369e+04 2.064541e+04 2.187146e+04 1.071659e-05
1.647000e+03 2.072735e+04 2.081103e+04 2.185467e+04 9.080007e-06
1.648000e+03 2.081948e+04 2.093971e+04 2.183782e+04 7.766113e-06
1.649000e+03 2.106479e+04 2.104333e+04 2.182091e+04 6.702100e-06
1.650000e+03 2.112030e+04 2.112105e+04 2.180394e+04 5.832419e-06
1.651000e+03 2.127127e+04 2.118580e+04 2.178692e+04 5.114931e-06
1.652000e+03 2.132510e+04 2.123732e+04 2.176983e+04 4.517642e-06
1.653000e+03 2.146418e+04 2.128224e+04 2.175269e+04 4.016126e-06
1.654000e+03 2.139175e+04 2.131357e+04 2.173548e+04 3.591610e-06
1.655000e+03 2.132470e+04 2.133806e+04 2.171822e+04 3.229544e-06
1.656000e+03 2.121607e+04 2.135566e+04 2.170090e+04 2.918558e-06
1.657000e+03 2.115812e+04 2.137325e+04 2.168352e+04 2.649692e-06
1.658000e+03 2.106961e+04 2.137692e+04 2.166608e+04 2.415817e-06
1.659000e+03 2.116725e+04 2.138750e+04 2.164859e+04 2.211224e-06
1.660000e+03 2.128561e+04 2.139108e+04 2.163103e+04 2.031301e-06
1.661000e+03 2.154062e+04 2.139460e+04 2.161342e+04 1.872293e-06
1.662000e+03 2.134011e+04 2.139108e+04 2.159574e+04 1.731123e-06
1.663000e+03 2.133738e+04 2.138749e+04 2.157801e+04 1.605252e-06
1.664000e+03 2.123327e+04 2.138385e+04 2.156022e+04 1.492571e-06
1.665000e+03 2.123207e+04 2.138013e+04 2.154237e+04 1.391320e-06
1.666000e+03 2.125366e+04 2.136936e+04 2.152447e+04 1.300016e-06
1.667000e+03 2.112844e+04 2.136552e+04 2.150650e+04 1.217411e-06
1.668000e+03 2.117836e+04 2.135461e+04 2.148848e+04 1.142442e-06
1.669000e+03 2.118510e+04 2.134364e+04 2.147039e+04 1.074204e-06
1.670000e+03 2.124307e+04 2.133260e+04 2.145225e+04 1.011832e-06
1.671000e+03 2.121193e+04 2.132150e+04 2.143405e+04 9.548412e-07
1.672000e+03 2.116896e+04 2.131033e+04 2.141579e+04 9.025561e-07
1.673000e+03 2.121305e+04 2.129909e+04 2.139747e+04 8.544754e-07
1.674000e+03 2.133518e+04 2.128080e+04 2.137910e+04 8.101622e-07
1.675000e+03 2.125694e+04 2.126943e+04 2.136066e+04 7.692352e-07
1.676000e+03 2.128479e+04 2.125800e+04 2.134217e+04 7.313587e-07
1.677000e+03 2.118718e+04 2.123953e+04 2.132361e+04 6.962386e-07
1.678000e+03 2.110179e+04 2.122796e+04 2.130500e+04 6.636144e-07
1.679000e+03 2.111379e+04 2.120936e+04 2.128633e+04 6.332559e-07
1.680000e+03 2.104923e+04 2.119767e+04 2.126760e+04 6.049589e-07
1.681000e+03 2.103809e+04 2.117894e+04 2.124881e+04 5.785409e-07
1.682000e+03 2.118918e+04 2.116712e+04 2.122997e+04 5.538399e-07
1.683000e+03 2.096076e+04 2.114827e+04 2.121106e+04 5.307103e-07
1.684000e+03 2.081705e+04 2.112936e+04 2.119210e+04 5.090221e-07
1.685000e+03 2.081205e+04 2.111734e+04 2.117308e+04 4.886578e-07
1.686000e+03 2.090351e+04 2.109831e+04 2.115400e+04 4.695122e-07
1.687000e+03 2.089860e+04 2.107922e+04 2.113486e+04 4.514898e-07
1.688000e+03 2.084975e+04 2.106700e+04 2.111566e+04 4.345048e-07
1.689000e+03 2.093575e+04 2.104779e+04 2.109640e+04 4.184789e-07
1.690000e+03 2.075573e+04 2.102852e+04 2.107709e+04 4.033412e-07
1.691000e+03 2.074464e+04 2.100919e+04 2.105771e+04 3.890273e-07
1.692000e+03 2.071398e+04 2.099671e+04 2.103828e+04 3.754787e-07
1.693000e+03 2.079116e+04 2.097726e+04 2.101879e+04 3.626415e-07
